Datetime,VHM0,VMDR,VTPK,CardinalDirection
2023-01-01 00:00:00,1.4699999,315.77002,11.87,NW
2023-01-01 03:00:00,1.53,314.39,12.37,NW
2023-01-01 06:00:00,1.5799999,313.33002,12.88,NW
2023-01-01 09:00:00,1.63,312.37,12.889999,NW
2023-01-01 12:00:00,1.63,311.41998,12.389999,NW
2023-01-01 15:00:00,1.76,310.77002,12.46,NW
2023-01-01 18:00:00,1.9799999,308.97998,14.03,NW
2023-01-01 21:00:00,2.27,307.22998,15.13,NW
2023-01-02 00:00:00,2.6,307.27,15.11,NW
2023-01-02 03:00:00,2.6799998,307.33,14.65,NW
2023-01-02 06:00:00,2.57,307.39,14.13,NW
2023-01-02 09:00:00,2.46,307.03,13.61,NW
2023-01-02 12:00:00,2.4199998,306.69,13.429999,NW
2023-01-02 15:00:00,2.3799999,306.91998,13.349999,NW
2023-01-02 18:00:00,2.36,307.41,13.33,NW
2023-01-02 21:00:00,2.3,308.52002,13.25,NW
2023-01-03 00:00:00,2.25,307.78,13.11,NW
2023-01-03 03:00:00,2.1599998,308.02002,12.929999,NW
2023-01-03 06:00:00,2.03,309.51,12.71,NW
2023-01-03 09:00:00,1.9799999,312.13,12.55,NW
2023-01-03 12:00:00,1.9,316.09998,12.28,NW
2023-01-03 15:00:00,1.8299999,320.65,12.03,NW
2023-01-03 18:00:00,2.1,327.97,12.679999,NW
2023-01-03 21:00:00,2.12,333.08002,12.559999,NW
2023-01-04 00:00:00,2.03,338.18,11.92,N
2023-01-04 03:00:00,1.91,340.31,11.62,N
2023-01-04 06:00:00,1.77,341.44,11.349999,N
2023-01-04 09:00:00,1.66,340.77,11.24,N
2023-01-04 12:00:00,1.5799999,339.27,11.19,N
2023-01-04 15:00:00,1.53,337.96,11.11,N
2023-01-04 18:00:00,1.5,336.66,11.03,NW
2023-01-04 21:00:00,1.4499999,334.86,10.96,NW
2023-01-05 00:00:00,1.39,332.28,10.98,NW
2023-01-05 03:00:00,1.31,328.95,10.95,NW
2023-01-05 06:00:00,1.25,326.52002,10.86,NW
2023-01-05 09:00:00,1.23,325.22998,10.79,NW
2023-01-05 12:00:00,1.25,324.41998,10.7699995,NW
2023-01-05 15:00:00,1.29,323.52002,11.04,NW
2023-01-05 18:00:00,1.37,322.05,13.42,NW
2023-01-05 21:00:00,1.51,320.0,15.58,NW
2023-01-06 00:00:00,1.5799999,318.41998,15.37,NW
2023-01-06 03:00:00,1.61,317.16,14.82,NW
2023-01-06 06:00:00,1.5999999,315.99,14.429999,NW
2023-01-06 09:00:00,1.62,316.91998,14.139999,NW
2023-01-06 12:00:00,1.5,317.38,13.36,NW
2023-01-06 15:00:00,1.4,316.51,13.11,NW
2023-01-06 18:00:00,1.3199999,315.41998,12.809999,NW
2023-01-06 21:00:00,1.24,314.34,12.3,NW
2023-01-07 00:00:00,1.26,313.9,12.44,NW
2023-01-07 03:00:00,1.22,312.83002,12.23,NW
2023-01-07 06:00:00,1.1899999,312.14,12.059999,NW
2023-01-07 09:00:00,1.12,310.88,11.809999,NW
2023-01-07 12:00:00,1.06,309.55,11.41,NW
2023-01-07 15:00:00,1.01,308.7,11.13,NW
2023-01-07 18:00:00,0.96,309.02002,10.84,NW
2023-01-07 21:00:00,0.93,309.05,10.599999,NW
2023-01-08 00:00:00,0.90999997,307.82,10.349999,NW
2023-01-08 03:00:00,0.95,307.54,10.23,NW
2023-01-08 06:00:00,0.97999996,309.3,13.15,NW
2023-01-08 09:00:00,1.0699999,312.2,12.19,NW
2023-01-08 12:00:00,1.29,316.66,17.81,NW
2023-01-08 15:00:00,1.8299999,321.69,18.33,NW
2023-01-08 18:00:00,2.53,324.34,18.6,NW
2023-01-08 21:00:00,3.11,324.61,18.14,NW
2023-01-09 00:00:00,3.4099998,324.4,17.64,NW
2023-01-09 03:00:00,3.5,323.5,17.21,NW
2023-01-09 06:00:00,3.4399998,322.68,16.49,NW
2023-01-09 09:00:00,3.34,322.3,16.02,NW
2023-01-09 12:00:00,3.28,321.88,15.67,NW
2023-01-09 15:00:00,3.24,322.22998,15.24,NW
2023-01-09 18:00:00,3.25,322.63,14.86,NW
2023-01-09 21:00:00,3.1799998,323.22998,14.599999,NW
2023-01-10 00:00:00,3.11,324.55,14.509999,NW
2023-01-10 03:00:00,3.07,325.03,14.679999,NW
2023-01-10 06:00:00,3.01,325.81,14.95,NW
2023-01-10 09:00:00,2.97,326.87,15.0199995,NW
2023-01-10 12:00:00,2.96,327.75,14.87,NW
2023-01-10 15:00:00,2.8799999,328.52002,14.639999,NW
2023-01-10 18:00:00,2.6699998,329.16998,14.23,NW
2023-01-10 21:00:00,2.6299999,329.66998,14.099999,NW
2023-01-11 00:00:00,2.5,330.83002,13.78,NW
2023-01-11 03:00:00,2.3899999,332.87,13.49,NW
2023-01-11 06:00:00,2.3999999,334.66,13.599999,NW
2023-01-11 09:00:00,2.1299999,335.65,13.009999,NW
2023-01-11 12:00:00,2.05,336.59998,12.95,NW
2023-01-11 15:00:00,1.9599999,339.19,12.38,N
2023-01-11 18:00:00,2.08,342.65,12.09,N
2023-01-11 21:00:00,2.07,343.15,12.0199995,N
2023-01-12 00:00:00,2.03,343.61,12.96,N
2023-01-12 03:00:00,2.0,341.51,13.049999,N
2023-01-12 06:00:00,1.9699999,337.55,12.95,N
2023-01-12 09:00:00,1.9599999,335.78,12.71,NW
2023-01-12 12:00:00,2.01,335.47,12.25,NW
2023-01-12 15:00:00,2.11,337.13,11.98,NW
2023-01-12 18:00:00,2.27,340.37,12.2699995,N
2023-01-12 21:00:00,2.3999999,339.05,17.32,N
2023-01-13 00:00:00,2.48,336.05,16.92,NW
2023-01-13 03:00:00,2.53,334.32,16.22,NW
2023-01-13 06:00:00,2.51,332.44,15.759999,NW
2023-01-13 09:00:00,2.6799998,331.03998,15.719999,NW
2023-01-13 12:00:00,2.48,329.52002,14.87,NW
2023-01-13 15:00:00,2.35,329.99,14.44,NW
2023-01-13 18:00:00,2.31,330.68,14.19,NW
2023-01-13 21:00:00,2.24,331.31,13.87,NW
2023-01-14 00:00:00,2.2,331.96,14.0199995,NW
2023-01-14 03:00:00,2.1499999,331.02,14.23,NW
2023-01-14 06:00:00,2.1399999,328.99,14.549999,NW
2023-01-14 09:00:00,2.07,327.0,14.46,NW
2023-01-14 12:00:00,2.19,325.41,14.78,NW
2023-01-14 15:00:00,2.0,324.09998,14.2,NW
2023-01-14 18:00:00,1.91,323.41,13.83,NW
2023-01-14 21:00:00,1.86,323.27002,13.48,NW
2023-01-15 00:00:00,1.78,324.07,13.0,NW
2023-01-15 03:00:00,1.73,324.34,12.719999,NW
2023-01-15 06:00:00,1.65,324.14,12.34,NW
2023-01-15 09:00:00,1.5999999,324.3,12.11,NW
2023-01-15 12:00:00,1.55,324.87,11.929999,NW
2023-01-15 15:00:00,1.52,325.88,11.8,NW
2023-01-15 18:00:00,1.52,327.8,11.759999,NW
2023-01-15 21:00:00,1.56,330.03,11.71,NW
2023-01-16 00:00:00,1.62,333.26,11.63,NW
2023-01-16 03:00:00,1.64,336.76,11.42,NW
2023-01-16 06:00:00,1.62,338.62,11.13,N
2023-01-16 09:00:00,1.63,338.55,10.96,N
2023-01-16 12:00:00,1.75,335.47,11.179999,NW
2023-01-16 15:00:00,1.92,334.87,11.73,NW
2023-01-16 18:00:00,2.46,337.07,12.25,NW
2023-01-16 21:00:00,2.57,335.86,11.969999,NW
2023-01-17 00:00:00,2.74,336.96,17.449999,NW
2023-01-17 03:00:00,2.6599998,337.19,15.94,NW
2023-01-17 06:00:00,2.9099998,337.27,15.79,NW
2023-01-17 09:00:00,3.0,337.69,15.259999,N
2023-01-17 12:00:00,3.02,337.68,14.639999,N
2023-01-17 15:00:00,3.03,337.51,14.34,N
2023-01-17 18:00:00,3.07,336.52,14.12,NW
2023-01-17 21:00:00,3.08,335.65,13.759999,NW
2023-01-18 00:00:00,3.1399999,335.06,13.469999,NW
2023-01-18 03:00:00,3.1899998,334.55,13.33,NW
2023-01-18 06:00:00,3.32,334.96,13.429999,NW
2023-01-18 09:00:00,3.3899999,335.39,13.37,NW
2023-01-18 12:00:00,3.05,336.31,12.5,NW
2023-01-18 15:00:00,3.4499998,337.84998,13.099999,N
2023-01-18 18:00:00,3.78,340.45,13.49,N
2023-01-18 21:00:00,3.86,341.66,13.57,N
2023-01-19 00:00:00,3.9499998,341.99,13.719999,N
2023-01-19 03:00:00,4.14,342.46,14.45,N
2023-01-19 06:00:00,4.2999997,342.36,15.41,N
2023-01-19 09:00:00,4.2599998,339.32,15.42,N
2023-01-19 12:00:00,4.19,339.26,15.0,N
2023-01-19 15:00:00,4.12,339.64,15.13,N
2023-01-19 18:00:00,4.0099998,340.4,15.28,N
2023-01-19 21:00:00,3.8,341.27,14.99,N
2023-01-20 00:00:00,3.54,341.66998,14.79,N
2023-01-20 03:00:00,3.3,341.72998,14.58,N
2023-01-20 06:00:00,3.06,341.59,14.38,N
2023-01-20 09:00:00,2.81,341.28998,14.09,N
2023-01-20 12:00:00,2.73,341.59998,13.7,N
2023-01-20 15:00:00,2.61,341.94,13.349999,N
2023-01-20 18:00:00,2.58,343.26,13.0199995,N
2023-01-20 21:00:00,2.59,343.99,12.82,N
2023-01-21 00:00:00,2.35,344.32,12.33,N
2023-01-21 03:00:00,2.21,344.38,12.21,N
2023-01-21 06:00:00,1.9599999,344.12,11.679999,N
2023-01-21 09:00:00,2.07,343.72998,11.929999,N
2023-01-21 12:00:00,2.11,343.01,12.0,N
2023-01-21 15:00:00,2.11,343.7,11.8,N
2023-01-21 18:00:00,2.04,345.33002,11.139999,N
2023-01-21 21:00:00,2.1,345.56,11.13,N
2023-01-22 00:00:00,2.03,345.34,10.99,N
2023-01-22 03:00:00,1.9399999,344.69,10.79,N
2023-01-22 06:00:00,1.88,342.84,10.559999,N
2023-01-22 09:00:00,1.91,341.95,9.849999,N
2023-01-22 12:00:00,2.0,341.53998,9.559999,N
2023-01-22 15:00:00,2.1399999,343.41998,9.49,N
2023-01-22 18:00:00,2.36,346.32,9.389999,N
2023-01-22 21:00:00,2.44,346.8,9.139999,N
2023-01-23 00:00:00,2.37,346.66,9.15,N
2023-01-23 03:00:00,2.26,347.28,9.11,N
2023-01-23 06:00:00,2.3,348.56,9.21,N
2023-01-23 09:00:00,2.19,350.27,9.05,N
2023-01-23 12:00:00,2.1,351.97,8.87,N
2023-01-23 15:00:00,2.07,353.65,8.71,N
2023-01-23 18:00:00,1.88,355.13,8.13,N
2023-01-23 21:00:00,1.93,356.08002,7.89,N
2023-01-24 00:00:00,1.89,356.84,7.54,N
2023-01-24 03:00:00,1.78,357.16998,7.5099998,N
2023-01-24 06:00:00,1.63,355.87,7.5699997,N
2023-01-24 09:00:00,1.55,355.45,7.5499997,N
2023-01-24 12:00:00,1.7199999,355.37,7.5499997,N
2023-01-24 15:00:00,1.7099999,356.63,8.5,N
2023-01-24 18:00:00,2.01,358.31,5.99,N
2023-01-24 21:00:00,2.08,359.58002,6.41,N
2023-01-25 00:00:00,2.04,0.58000183,6.66,N
2023-01-25 03:00:00,1.87,359.34,6.8399997,N
2023-01-25 06:00:00,1.6899999,355.36,7.1,N
2023-01-25 09:00:00,1.62,353.31,7.3799996,N
2023-01-25 12:00:00,1.64,352.57,7.5,N
2023-01-25 15:00:00,1.78,353.13,9.71,N
2023-01-25 18:00:00,2.06,352.97,6.66,N
2023-01-25 21:00:00,2.11,351.86,7.0499997,N
2023-01-26 00:00:00,2.0,351.11,7.4199996,N
2023-01-26 03:00:00,1.9399999,351.36,7.58,N
2023-01-26 06:00:00,1.89,351.33002,7.69,N
2023-01-26 09:00:00,1.8299999,350.53,9.67,N
2023-01-26 12:00:00,1.8,348.51,10.05,N
2023-01-26 15:00:00,1.62,348.66998,11.69,N
2023-01-26 18:00:00,1.68,351.21,11.98,N
2023-01-26 21:00:00,1.55,346.86,12.2,N
2023-01-27 00:00:00,1.43,340.05,12.29,N
2023-01-27 03:00:00,1.36,335.13,12.28,NW
2023-01-27 06:00:00,1.17,332.11,11.2,NW
2023-01-27 09:00:00,1.4,332.89,7.12,NW
2023-01-27 12:00:00,1.7199999,336.24,8.07,NW
2023-01-27 15:00:00,1.91,337.26,8.809999,NW
2023-01-27 18:00:00,2.05,338.72,9.26,N
2023-01-27 21:00:00,2.12,340.14,9.5199995,N
2023-01-28 00:00:00,2.12,340.9,9.75,N
2023-01-28 03:00:00,2.07,341.22,9.88,N
2023-01-28 06:00:00,2.04,341.41998,9.969999,N
2023-01-28 09:00:00,2.04,340.83002,10.04,N
2023-01-28 12:00:00,1.9599999,339.7,9.76,N
2023-01-28 15:00:00,2.1699998,340.37,10.03,N
2023-01-28 18:00:00,2.25,342.26,10.05,N
2023-01-28 21:00:00,2.24,344.28,10.08,N
2023-01-29 00:00:00,2.21,346.7,10.04,N
2023-01-29 03:00:00,2.12,348.65,9.94,N
2023-01-29 06:00:00,1.9699999,349.66998,9.849999,N
2023-01-29 09:00:00,1.81,348.72998,9.79,N
2023-01-29 12:00:00,1.75,347.2,9.9,N
2023-01-29 15:00:00,1.6999999,347.28,9.95,N
2023-01-29 18:00:00,1.5999999,347.82,9.58,N
2023-01-29 21:00:00,1.51,348.61,9.58,N
2023-01-30 00:00:00,1.4399999,347.41998,9.58,N
2023-01-30 03:00:00,1.38,345.97,9.69,N
2023-01-30 06:00:00,1.35,344.84998,9.83,N
2023-01-30 09:00:00,1.3299999,344.25,9.849999,N
2023-01-30 12:00:00,1.3399999,344.2,9.9,N
2023-01-30 15:00:00,1.3399999,344.77,9.809999,N
2023-01-30 18:00:00,1.3399999,345.77,9.61,N
2023-01-30 21:00:00,1.3299999,345.65,9.3,N
2023-01-31 00:00:00,1.31,345.36,13.719999,N
2023-01-31 03:00:00,1.25,344.7,13.259999,N
2023-01-31 06:00:00,1.17,344.05,12.88,N
2023-01-31 09:00:00,1.15,344.44,12.559999,N
2023-01-31 12:00:00,1.11,344.62,12.139999,N
2023-01-31 15:00:00,1.15,344.16998,12.15,N
2023-01-31 18:00:00,1.06,342.62,11.66,N
2023-01-31 21:00:00,1.04,342.97,11.309999,N
2023-02-01 00:00:00,1.0,341.74,18.19,N
2023-02-01 03:00:00,1.06,346.49,17.92,N
2023-02-01 06:00:00,1.18,354.97998,17.49,N
2023-02-01 09:00:00,1.1899999,353.34,16.9,N
2023-02-01 12:00:00,1.2099999,346.09998,16.25,N
2023-02-01 15:00:00,1.23,341.7,15.509999,N
2023-02-01 18:00:00,1.26,339.18,14.86,N
2023-02-01 21:00:00,1.35,338.62,14.969999,N
2023-02-02 00:00:00,1.35,339.96,14.5199995,N
2023-02-02 03:00:00,1.4,340.88,14.36,N
2023-02-02 06:00:00,1.29,339.47,13.59,N
2023-02-02 09:00:00,1.26,339.72998,13.2,N
2023-02-02 12:00:00,1.29,340.59998,12.849999,N
2023-02-02 15:00:00,1.37,342.82,12.45,N
2023-02-02 18:00:00,1.52,345.39,13.74,N
2023-02-02 21:00:00,1.65,344.59998,14.33,N
2023-02-03 00:00:00,1.6999999,341.34998,14.589999,N
2023-02-03 03:00:00,1.64,338.83002,14.13,N
2023-02-03 06:00:00,1.56,337.28,13.559999,NW
2023-02-03 09:00:00,1.53,335.96,13.42,NW
2023-02-03 12:00:00,1.49,335.16998,13.36,NW
2023-02-03 15:00:00,1.52,334.78,13.559999,NW
2023-02-03 18:00:00,1.51,335.18,13.75,NW
2023-02-03 21:00:00,1.4499999,336.2,13.59,NW
2023-02-04 00:00:00,1.38,337.72,13.25,N
2023-02-04 03:00:00,1.36,339.2,13.179999,N
2023-02-04 06:00:00,1.29,339.53,13.0,N
2023-02-04 09:00:00,1.22,339.91998,12.79,N
2023-02-04 12:00:00,1.15,340.28998,12.45,N
2023-02-04 15:00:00,1.09,341.41998,12.2,N
2023-02-04 18:00:00,1.06,342.06,12.19,N
2023-02-04 21:00:00,1.01,342.81,12.0,N
2023-02-05 00:00:00,1.0,344.81,11.8,N
2023-02-05 03:00:00,0.97999996,346.62,11.599999,N
2023-02-05 06:00:00,0.95,347.58002,11.349999,N
2023-02-05 09:00:00,0.90999997,346.76,11.15,N
2023-02-05 12:00:00,0.88,344.91998,11.0199995,N
2023-02-05 15:00:00,0.76,342.72998,10.24,N
2023-02-05 18:00:00,0.76,338.77,14.0199995,N
2023-02-05 21:00:00,0.82,335.21,14.5,NW
2023-02-06 00:00:00,0.9,332.75,14.42,NW
2023-02-06 03:00:00,0.96999997,331.03998,14.15,NW
2023-02-06 06:00:00,1.06,329.91998,13.96,NW
2023-02-06 09:00:00,1.15,328.71,13.91,NW
2023-02-06 12:00:00,1.1999999,327.16998,13.92,NW
2023-02-06 15:00:00,1.31,326.43,14.04,NW
2023-02-06 18:00:00,1.42,325.76,13.84,NW
2023-02-06 21:00:00,1.39,325.72998,12.929999,NW
2023-02-07 00:00:00,1.39,325.81,12.4,NW
2023-02-07 03:00:00,1.4699999,326.53998,12.33,NW
2023-02-07 06:00:00,1.49,326.81,12.37,NW
2023-02-07 09:00:00,1.4599999,326.66998,12.21,NW
2023-02-07 12:00:00,1.43,326.52002,12.009999,NW
2023-02-07 15:00:00,1.4,324.81,11.809999,NW
2023-02-07 18:00:00,1.39,322.32,11.36,NW
2023-02-07 21:00:00,1.42,319.52002,15.5199995,NW
2023-02-08 00:00:00,1.48,316.78998,19.699999,NW
2023-02-08 03:00:00,1.5899999,313.81,19.439999,NW
2023-02-08 06:00:00,1.78,310.87,19.16,NW
2023-02-08 09:00:00,1.75,308.31,17.4,NW
2023-02-08 12:00:00,2.01,305.7,17.24,NW
2023-02-08 15:00:00,2.31,305.87,17.34,NW
2023-02-08 18:00:00,2.47,306.49,17.039999,NW
2023-02-08 21:00:00,2.3799999,307.04,16.22,NW
2023-02-09 00:00:00,2.28,307.29,15.719999,NW
2023-02-09 03:00:00,2.2,307.55,15.32,NW
2023-02-09 06:00:00,2.1599998,307.97998,15.07,NW
2023-02-09 09:00:00,2.12,309.37,14.679999,NW
2023-02-09 12:00:00,2.09,311.2,14.45,NW
2023-02-09 15:00:00,2.04,312.66,14.32,NW
2023-02-09 18:00:00,1.9599999,313.78,14.11,NW
2023-02-09 21:00:00,1.88,314.66998,13.759999,NW
2023-02-10 00:00:00,1.8,316.51,13.42,NW
2023-02-10 03:00:00,1.7199999,318.76,13.179999,NW
2023-02-10 06:00:00,1.62,320.51,13.009999,NW
2023-02-10 09:00:00,1.53,321.62,12.849999,NW
2023-02-10 12:00:00,1.4699999,322.69,12.74,NW
2023-02-10 15:00:00,1.5799999,318.78998,13.349999,NW
2023-02-10 18:00:00,1.5799999,320.22998,13.5199995,NW
2023-02-10 21:00:00,1.4499999,323.62,13.12,NW
2023-02-11 00:00:00,1.53,322.44,18.74,NW
2023-02-11 03:00:00,1.51,320.58002,17.52,NW
2023-02-11 06:00:00,1.65,321.41,17.73,NW
2023-02-11 09:00:00,1.68,324.14,17.44,NW
2023-02-11 12:00:00,1.64,327.83002,16.81,NW
2023-02-11 15:00:00,1.55,330.72,16.06,NW
2023-02-11 18:00:00,1.41,331.47998,15.53,NW
2023-02-11 21:00:00,1.4,334.11,15.0,NW
2023-02-12 00:00:00,1.4,331.43,15.559999,NW
2023-02-12 03:00:00,1.2099999,325.86,14.679999,NW
2023-02-12 06:00:00,1.3399999,321.02002,15.38,NW
2023-02-12 09:00:00,1.29,315.74,14.95,NW
2023-02-12 12:00:00,1.26,312.64,14.69,NW
2023-02-12 15:00:00,1.31,313.09998,14.679999,NW
2023-02-12 18:00:00,1.3199999,318.31,14.29,NW
2023-02-12 21:00:00,1.2099999,318.88,13.45,NW
2023-02-13 00:00:00,1.14,317.57,13.08,NW
2023-02-13 03:00:00,1.05,313.16,12.62,NW
2023-02-13 06:00:00,1.05,308.52002,12.55,NW
2023-02-13 09:00:00,1.05,305.91998,12.57,NW
2023-02-13 12:00:00,1.0799999,304.35,12.61,NW
2023-02-13 15:00:00,1.12,302.9,12.7699995,NW
2023-02-13 18:00:00,1.13,303.16998,13.04,NW
2023-02-13 21:00:00,1.15,303.91,12.969999,NW
2023-02-14 00:00:00,1.16,303.63,12.84,NW
2023-02-14 03:00:00,1.22,302.62,13.0,NW
2023-02-14 06:00:00,1.27,301.89,13.03,NW
2023-02-14 09:00:00,1.4399999,300.28,13.36,NW
2023-02-14 12:00:00,1.4499999,299.43,13.13,NW
2023-02-14 15:00:00,1.43,299.45,12.88,NW
2023-02-14 18:00:00,1.4,298.38,12.49,NW
2023-02-14 21:00:00,1.4499999,295.96,12.62,NW
2023-02-15 00:00:00,1.4,295.76,12.469999,NW
2023-02-15 03:00:00,1.28,295.77,12.13,NW
2023-02-15 06:00:00,1.31,296.01,12.96,NW
2023-02-15 09:00:00,1.5699999,295.12,14.07,NW
2023-02-15 12:00:00,1.52,295.97,13.5,NW
2023-02-15 15:00:00,1.67,298.38,14.71,NW
2023-02-15 18:00:00,1.9599999,301.97998,15.4,NW
2023-02-15 21:00:00,2.24,304.35,15.03,NW
2023-02-16 00:00:00,2.3999999,305.46,14.5199995,NW
2023-02-16 03:00:00,2.51,306.05,14.15,NW
2023-02-16 06:00:00,2.59,307.94,13.54,NW
2023-02-16 09:00:00,2.6499999,310.4,13.25,NW
2023-02-16 12:00:00,2.6699998,313.37,13.219999,NW
2023-02-16 15:00:00,2.6599998,315.84998,13.36,NW
2023-02-16 18:00:00,2.51,317.41998,13.33,NW
2023-02-16 21:00:00,2.36,316.66998,13.349999,NW
2023-02-17 00:00:00,2.29,316.47998,13.48,NW
2023-02-17 03:00:00,2.21,317.57,13.59,NW
2023-02-17 06:00:00,2.06,320.34998,13.38,NW
2023-02-17 09:00:00,1.9599999,323.61,13.349999,NW
2023-02-17 12:00:00,1.8199999,326.16998,13.28,NW
2023-02-17 15:00:00,1.74,326.84,13.66,NW
2023-02-17 18:00:00,1.6999999,326.62,13.53,NW
2023-02-17 21:00:00,1.68,326.62,13.45,NW
2023-02-18 00:00:00,1.73,325.77002,13.92,NW
2023-02-18 03:00:00,1.75,325.0,15.58,NW
2023-02-18 06:00:00,1.79,324.33002,15.599999,NW
2023-02-18 09:00:00,1.77,323.19,15.589999,NW
2023-02-18 12:00:00,1.74,322.08002,15.349999,NW
2023-02-18 15:00:00,1.7199999,320.71,15.13,NW
2023-02-18 18:00:00,1.73,318.57,14.969999,NW
2023-02-18 21:00:00,1.75,318.51,15.03,NW
2023-02-19 00:00:00,1.6899999,317.8,14.69,NW
2023-02-19 03:00:00,1.64,317.55,14.42,NW
2023-02-19 06:00:00,1.62,317.38,14.33,NW
2023-02-19 09:00:00,1.5899999,316.78998,14.16,NW
2023-02-19 12:00:00,1.55,315.62,13.99,NW
2023-02-19 15:00:00,1.5,315.59998,13.87,NW
2023-02-19 18:00:00,1.4699999,316.93,13.91,NW
2023-02-19 21:00:00,1.4499999,317.4,13.809999,NW
2023-02-20 00:00:00,1.28,316.32,13.03,NW
2023-02-20 03:00:00,1.26,314.93,13.09,NW
2023-02-20 06:00:00,1.2099999,313.69,13.009999,NW
2023-02-20 09:00:00,1.1999999,313.33002,12.95,NW
2023-02-20 12:00:00,1.31,313.22998,13.38,NW
2023-02-20 15:00:00,1.25,314.59998,13.12,NW
2023-02-20 18:00:00,1.18,316.78998,12.83,NW
2023-02-20 21:00:00,1.0699999,320.34,11.969999,NW
2023-02-21 00:00:00,1.1,324.52002,11.849999,NW
2023-02-21 03:00:00,1.09,328.06,11.55,NW
2023-02-21 06:00:00,1.0699999,331.43,11.13,NW
2023-02-21 09:00:00,1.27,337.36,11.639999,NW
2023-02-21 12:00:00,1.23,341.21,10.74,N
2023-02-21 15:00:00,1.29,343.91998,7.2599998,N
2023-02-21 18:00:00,1.35,346.12,5.4,N
2023-02-21 21:00:00,1.43,349.34,5.71,N
2023-02-22 00:00:00,1.55,352.21,6.1299996,N
2023-02-22 03:00:00,1.4499999,352.84998,6.08,N
2023-02-22 06:00:00,1.4,353.02,6.0,N
2023-02-22 09:00:00,1.48,353.09998,5.98,N
2023-02-22 12:00:00,1.52,351.22,9.0,N
2023-02-22 15:00:00,1.5,349.08002,9.62,N
2023-02-22 18:00:00,1.48,346.12,15.099999,N
2023-02-22 21:00:00,1.5699999,344.7,15.11,N
2023-02-23 00:00:00,1.67,345.44,14.7,N
2023-02-23 03:00:00,1.7099999,346.41998,14.309999,N
2023-02-23 06:00:00,1.74,347.34998,13.84,N
2023-02-23 09:00:00,1.8,348.13,13.44,N
2023-02-23 12:00:00,1.8399999,348.0,12.759999,N
2023-02-23 15:00:00,1.93,348.09,9.37,N
2023-02-23 18:00:00,2.09,348.01,8.9,N
2023-02-23 21:00:00,2.08,347.53,9.05,N
2023-02-24 00:00:00,2.03,346.4,13.12,N
2023-02-24 03:00:00,2.05,343.88,12.83,N
2023-02-24 06:00:00,2.1499999,340.28,12.09,N
2023-02-24 09:00:00,2.26,337.43,11.54,NW
2023-02-24 12:00:00,2.18,336.18,10.929999,NW
2023-02-24 15:00:00,2.18,336.66998,10.88,NW
2023-02-24 18:00:00,1.9799999,336.3,10.42,NW
2023-02-24 21:00:00,2.04,333.62,10.88,NW
2023-02-25 00:00:00,1.9399999,332.97998,10.98,NW
2023-02-25 03:00:00,1.81,333.41,10.99,NW
2023-02-25 06:00:00,1.7099999,334.8,10.98,NW
2023-02-25 09:00:00,1.67,336.36,11.059999,NW
2023-02-25 12:00:00,1.5999999,337.7,10.969999,N
2023-02-25 15:00:00,1.51,338.31,10.78,N
2023-02-25 18:00:00,1.49,339.2,10.74,N
2023-02-25 21:00:00,1.4399999,339.32,10.469999,N
2023-02-26 00:00:00,1.43,339.44,10.38,N
2023-02-26 03:00:00,1.4399999,336.32,10.28,NW
2023-02-26 06:00:00,1.49,327.82,10.07,NW
2023-02-26 09:00:00,1.63,314.99,16.17,NW
2023-02-26 12:00:00,1.8299999,303.31,15.75,NW
2023-02-26 15:00:00,2.0,302.82,15.389999,NW
2023-02-26 18:00:00,2.07,304.87,14.99,NW
2023-02-26 21:00:00,2.05,305.33,14.639999,NW
2023-02-27 00:00:00,2.08,305.86,14.309999,NW
2023-02-27 03:00:00,2.1499999,308.55,13.74,NW
2023-02-27 06:00:00,2.2,311.74,13.309999,NW
2023-02-27 09:00:00,2.07,309.96,15.82,NW
2023-02-27 12:00:00,1.9799999,308.53998,15.299999,NW
2023-02-27 15:00:00,1.9399999,306.97,14.42,NW
2023-02-27 18:00:00,1.88,306.3,13.62,NW
2023-02-27 21:00:00,1.86,306.68,13.139999,NW
2023-02-28 00:00:00,1.8199999,306.2,12.82,NW
2023-02-28 03:00:00,1.8299999,305.47998,12.32,NW
2023-02-28 06:00:00,1.88,303.8,19.14,NW
2023-02-28 09:00:00,2.07,301.56,18.43,NW
2023-02-28 12:00:00,2.4299998,299.95,18.23,NW
2023-02-28 15:00:00,2.86,298.35,17.92,NW
2023-02-28 18:00:00,3.1599998,297.65,17.59,NW
2023-02-28 21:00:00,3.23,297.51,17.17,NW
2023-03-01 00:00:00,3.1699998,298.1,16.65,NW
2023-03-01 03:00:00,3.01,299.52,16.15,NW
2023-03-01 06:00:00,2.87,301.52,15.889999,NW
2023-03-01 09:00:00,2.74,302.65,15.69,NW
2023-03-01 12:00:00,2.6399999,303.3,15.469999,NW
2023-03-01 15:00:00,2.53,304.11,15.049999,NW
2023-03-01 18:00:00,2.37,305.47,14.61,NW
2023-03-01 21:00:00,2.1499999,307.18,14.049999,NW
2023-03-02 00:00:00,2.04,307.88,13.599999,NW
2023-03-02 03:00:00,1.87,308.33002,13.099999,NW
2023-03-02 06:00:00,1.77,308.91,12.92,NW
2023-03-02 09:00:00,1.68,309.11,13.469999,NW
2023-03-02 12:00:00,1.5899999,308.74,13.25,NW
2023-03-02 15:00:00,1.53,308.52002,13.15,NW
2023-03-02 18:00:00,1.42,306.69,12.67,NW
2023-03-02 21:00:00,1.4399999,304.07,19.25,NW
2023-03-03 00:00:00,1.5799999,301.45,18.77,NW
2023-03-03 03:00:00,1.91,299.84,18.18,NW
2023-03-03 06:00:00,2.26,298.45,17.67,NW
2023-03-03 09:00:00,2.56,296.89,17.23,NW
2023-03-03 12:00:00,2.7,295.26,16.6,NW
2023-03-03 15:00:00,2.74,295.1,16.02,NW
2023-03-03 18:00:00,2.78,295.99,15.719999,NW
2023-03-03 21:00:00,2.76,296.66,15.48,NW
2023-03-04 00:00:00,2.71,297.66998,15.38,NW
2023-03-04 03:00:00,2.59,297.97998,15.049999,NW
2023-03-04 06:00:00,2.47,298.7,14.679999,NW
2023-03-04 09:00:00,2.34,299.49,14.389999,NW
2023-03-04 12:00:00,2.25,300.87,14.12,NW
2023-03-04 15:00:00,2.1399999,302.62,13.67,NW
2023-03-04 18:00:00,2.02,304.52,13.37,NW
2023-03-04 21:00:00,1.8499999,305.2,12.95,NW
2023-03-05 00:00:00,1.67,305.06,12.28,NW
2023-03-05 03:00:00,1.53,303.85,11.83,NW
2023-03-05 06:00:00,1.4699999,301.41,11.46,NW
2023-03-05 09:00:00,1.54,300.34,15.61,NW
2023-03-05 12:00:00,1.74,299.9,15.21,NW
2023-03-05 15:00:00,1.8299999,298.96,14.44,NW
2023-03-05 18:00:00,1.92,298.19,14.16,NW
2023-03-05 21:00:00,1.88,297.66998,13.62,NW
2023-03-06 00:00:00,1.9,297.69,13.5,NW
2023-03-06 03:00:00,1.9599999,298.29,13.559999,NW
2023-03-06 06:00:00,2.02,299.36,13.91,NW
2023-03-06 09:00:00,2.07,305.55,13.719999,NW
2023-03-06 12:00:00,1.9,298.74,13.299999,NW
2023-03-06 15:00:00,1.8199999,298.96,12.969999,NW
2023-03-06 18:00:00,1.75,297.66998,12.509999,NW
2023-03-06 21:00:00,1.7099999,296.9,12.09,NW
2023-03-07 00:00:00,1.74,296.02,18.21,NW
2023-03-07 03:00:00,1.9,294.97,17.859999,NW
2023-03-07 06:00:00,2.05,294.44,17.33,NW
2023-03-07 09:00:00,2.2,294.3,16.82,NW
2023-03-07 12:00:00,2.44,294.25,16.66,NW
2023-03-07 15:00:00,2.6,294.38,16.49,NW
2023-03-07 18:00:00,2.44,293.45,15.679999,NW
2023-03-07 21:00:00,2.32,293.01,15.009999,NW
2023-03-08 00:00:00,2.23,292.87,14.639999,NW
2023-03-08 03:00:00,2.2,293.27,14.53,NW
2023-03-08 06:00:00,2.05,293.49,14.139999,NW
2023-03-08 09:00:00,1.88,294.57,13.5,NW
2023-03-08 12:00:00,1.77,296.32,13.16,NW
2023-03-08 15:00:00,1.67,297.1,12.94,NW
2023-03-08 18:00:00,1.5799999,297.16998,12.71,NW
2023-03-08 21:00:00,1.63,297.27,12.7699995,NW
2023-03-09 00:00:00,1.6899999,295.94,12.969999,NW
2023-03-09 03:00:00,1.7199999,295.19,12.87,NW
2023-03-09 06:00:00,1.76,295.75,12.509999,NW
2023-03-09 09:00:00,1.89,297.97,12.83,NW
2023-03-09 12:00:00,1.92,300.82,14.16,NW
2023-03-09 15:00:00,2.19,304.09,14.2699995,NW
2023-03-09 18:00:00,2.58,307.24,14.53,NW
2023-03-09 21:00:00,2.56,306.26,14.36,NW
2023-03-10 00:00:00,2.73,308.18,15.7,NW
2023-03-10 03:00:00,2.81,309.66,16.09,NW
2023-03-10 06:00:00,2.77,311.83002,15.5199995,NW
2023-03-10 09:00:00,2.73,313.62,14.759999,NW
2023-03-10 12:00:00,2.7,315.55,14.33,NW
2023-03-10 15:00:00,2.6699998,317.66,13.969999,NW
2023-03-10 18:00:00,2.62,320.47998,13.61,NW
2023-03-10 21:00:00,2.61,322.49,13.54,NW
2023-03-11 00:00:00,2.53,322.84,13.48,NW
2023-03-11 03:00:00,2.4299998,323.09998,13.44,NW
2023-03-11 06:00:00,2.31,324.41998,13.29,NW
2023-03-11 09:00:00,2.18,326.34,13.03,NW
2023-03-11 12:00:00,2.1299999,328.47,12.799999,NW
2023-03-11 15:00:00,2.05,328.39,12.53,NW
2023-03-11 18:00:00,2.03,327.03,13.07,NW
2023-03-11 21:00:00,2.09,327.19,14.12,NW
2023-03-12 00:00:00,2.12,324.84,14.34,NW
2023-03-12 03:00:00,2.1399999,320.41998,14.309999,NW
2023-03-12 06:00:00,2.1399999,314.55,14.03,NW
2023-03-12 09:00:00,2.36,311.41998,17.44,NW
2023-03-12 12:00:00,2.44,306.95,17.02,NW
2023-03-12 15:00:00,2.4099998,303.93,16.14,NW
2023-03-12 18:00:00,2.4199998,301.29,15.86,NW
2023-03-12 21:00:00,2.35,298.27,15.46,NW
2023-03-13 00:00:00,2.29,296.54,15.009999,NW
2023-03-13 03:00:00,2.2,295.65,14.69,NW
2023-03-13 06:00:00,2.1499999,295.8,14.469999,NW
2023-03-13 09:00:00,2.1,297.69,14.23,NW
2023-03-13 12:00:00,1.9499999,300.72998,13.509999,NW
2023-03-13 15:00:00,1.9799999,304.88,13.44,NW
2023-03-13 18:00:00,2.04,310.64,13.299999,NW
2023-03-13 21:00:00,2.21,315.16,13.469999,NW
2023-03-14 00:00:00,2.1499999,318.02002,13.19,NW
2023-03-14 03:00:00,2.08,322.43,12.849999,NW
2023-03-14 06:00:00,2.1499999,325.49,12.969999,NW
2023-03-14 09:00:00,2.21,326.84998,13.19,NW
2023-03-14 12:00:00,2.36,327.81,13.559999,NW
2023-03-14 15:00:00,2.48,328.15,13.61,NW
2023-03-14 18:00:00,2.59,329.52002,13.53,NW
2023-03-14 21:00:00,2.6299999,330.15,13.37,NW
2023-03-15 00:00:00,2.56,330.37,13.16,NW
2023-03-15 03:00:00,2.3999999,328.72,12.96,NW
2023-03-15 06:00:00,2.28,326.25,12.849999,NW
2023-03-15 09:00:00,2.1399999,322.99,12.679999,NW
2023-03-15 12:00:00,2.07,319.27002,12.63,NW
2023-03-15 15:00:00,1.9599999,317.24,12.38,NW
2023-03-15 18:00:00,1.8199999,314.78998,11.86,NW
2023-03-15 21:00:00,1.6999999,315.34,11.429999,NW
2023-03-16 00:00:00,1.6899999,316.41998,11.33,NW
2023-03-16 03:00:00,1.66,318.93,11.309999,NW
2023-03-16 06:00:00,1.68,322.15,11.41,NW
2023-03-16 09:00:00,1.7099999,325.03998,11.5199995,NW
2023-03-16 12:00:00,1.66,325.18,11.24,NW
2023-03-16 15:00:00,1.62,323.3,11.08,NW
2023-03-16 18:00:00,1.5999999,321.06,15.96,NW
2023-03-16 21:00:00,1.61,318.32,15.38,NW
2023-03-17 00:00:00,1.7199999,316.06,15.08,NW
2023-03-17 03:00:00,1.8299999,313.96,14.73,NW
2023-03-17 06:00:00,1.93,312.41,14.45,NW
2023-03-17 09:00:00,1.9699999,314.22998,13.98,NW
2023-03-17 12:00:00,2.1,316.41998,13.69,NW
2023-03-17 15:00:00,2.32,316.34998,14.28,NW
2023-03-17 18:00:00,2.61,316.57,14.98,NW
2023-03-17 21:00:00,2.8799999,316.05,14.889999,NW
2023-03-18 00:00:00,3.06,315.16,14.73,NW
2023-03-18 03:00:00,3.22,315.45,14.799999,NW
2023-03-18 06:00:00,3.29,316.27002,14.839999,NW
2023-03-18 09:00:00,3.33,317.88,14.73,NW
2023-03-18 12:00:00,3.29,319.59998,14.549999,NW
2023-03-18 15:00:00,3.28,321.61,14.42,NW
2023-03-18 18:00:00,3.27,324.77002,14.13,NW
2023-03-18 21:00:00,3.1299999,327.36,13.509999,NW
2023-03-19 00:00:00,2.95,330.46,13.15,NW
2023-03-19 03:00:00,2.83,333.02,12.99,NW
2023-03-19 06:00:00,2.82,334.16,13.08,NW
2023-03-19 09:00:00,2.6799998,334.28998,12.82,NW
2023-03-19 12:00:00,2.73,336.09,12.78,NW
2023-03-19 15:00:00,2.6699998,339.01,12.41,N
2023-03-19 18:00:00,2.72,342.39,12.259999,N
2023-03-19 21:00:00,2.77,343.69,12.2699995,N
2023-03-20 00:00:00,2.53,344.78998,12.009999,N
2023-03-20 03:00:00,2.31,345.28,11.99,N
2023-03-20 06:00:00,2.09,343.99,11.92,N
2023-03-20 09:00:00,1.88,341.33002,11.719999,N
2023-03-20 12:00:00,1.77,339.03,11.5199995,N
2023-03-20 15:00:00,1.68,337.44,11.24,NW
2023-03-20 18:00:00,1.64,336.63,11.059999,NW
2023-03-20 21:00:00,1.62,336.34998,10.99,NW
2023-03-21 00:00:00,1.65,336.97998,11.19,NW
2023-03-21 03:00:00,1.5899999,336.5,12.08,NW
2023-03-21 06:00:00,1.52,334.68,12.059999,NW
2023-03-21 09:00:00,1.4599999,333.09,11.91,NW
2023-03-21 12:00:00,1.42,332.72,11.62,NW
2023-03-21 15:00:00,1.42,333.58002,11.2699995,NW
2023-03-21 18:00:00,1.5,335.15,11.28,NW
2023-03-21 21:00:00,1.51,336.53998,11.12,NW
2023-03-22 00:00:00,1.54,338.15,11.16,N
2023-03-22 03:00:00,1.5799999,338.07,11.34,N
2023-03-22 06:00:00,1.67,336.33002,13.309999,NW
2023-03-22 09:00:00,1.61,332.59,13.09,NW
2023-03-22 12:00:00,1.5799999,326.03,12.99,NW
2023-03-22 15:00:00,1.56,321.12,12.91,NW
2023-03-22 18:00:00,1.61,320.56,12.849999,NW
2023-03-22 21:00:00,1.5899999,319.66,12.59,NW
2023-03-23 00:00:00,1.5999999,322.34998,12.2699995,NW
2023-03-23 03:00:00,1.5799999,323.68,12.009999,NW
2023-03-23 06:00:00,1.55,325.14,11.79,NW
2023-03-23 09:00:00,1.49,325.34998,11.57,NW
2023-03-23 12:00:00,1.37,322.59998,11.12,NW
2023-03-23 15:00:00,1.3399999,320.78,10.929999,NW
2023-03-23 18:00:00,1.29,319.34,17.67,NW
2023-03-23 21:00:00,1.8399999,318.88,18.09,NW
2023-03-24 00:00:00,2.59,318.84,18.09,NW
2023-03-24 03:00:00,3.11,319.25,17.51,NW
2023-03-24 06:00:00,3.31,319.65,16.96,NW
2023-03-24 09:00:00,3.36,320.61,16.33,NW
2023-03-24 12:00:00,3.4299998,320.95,16.33,NW
2023-03-24 15:00:00,3.3899999,320.51,16.109999,NW
2023-03-24 18:00:00,3.21,320.26,15.7,NW
2023-03-24 21:00:00,3.05,320.12,15.23,NW
2023-03-25 00:00:00,2.8899999,320.78998,14.69,NW
2023-03-25 03:00:00,2.83,322.45,14.48,NW
2023-03-25 06:00:00,2.76,325.22998,14.219999,NW
2023-03-25 09:00:00,2.7,323.3,13.74,NW
2023-03-25 12:00:00,2.71,322.22,13.79,NW
2023-03-25 15:00:00,2.6599998,324.16998,13.57,NW
2023-03-25 18:00:00,2.6299999,327.28998,13.469999,NW
2023-03-25 21:00:00,2.59,330.06,13.32,NW
2023-03-26 00:00:00,2.53,332.5,13.2,NW
2023-03-26 03:00:00,2.4299998,333.14,13.13,NW
2023-03-26 06:00:00,2.35,333.77,13.059999,NW
2023-03-26 09:00:00,2.22,333.94,12.9,NW
2023-03-26 12:00:00,2.07,333.2,12.599999,NW
2023-03-26 15:00:00,1.9699999,333.22,12.29,NW
2023-03-26 18:00:00,1.9399999,335.4,12.05,NW
2023-03-26 21:00:00,1.99,338.27,11.889999,N
2023-03-27 00:00:00,2.07,340.74,11.79,N
2023-03-27 03:00:00,1.9799999,339.72998,11.61,N
2023-03-27 06:00:00,1.9399999,337.57,11.809999,N
2023-03-27 09:00:00,1.93,335.46,12.23,NW
2023-03-27 12:00:00,1.89,333.86,12.139999,NW
2023-03-27 15:00:00,1.87,334.31,12.04,NW
2023-03-27 18:00:00,1.9399999,338.34998,11.969999,N
2023-03-27 21:00:00,1.93,339.82,11.84,N
2023-03-28 00:00:00,1.8,339.61,11.599999,N
2023-03-28 03:00:00,1.6999999,338.66,11.25,N
2023-03-28 06:00:00,1.6899999,336.22,11.0,NW
2023-03-28 09:00:00,1.7099999,331.66998,17.359999,NW
2023-03-28 12:00:00,1.75,327.88,16.73,NW
2023-03-28 15:00:00,1.8,324.28998,16.4,NW
2023-03-28 18:00:00,1.8399999,321.78,16.1,NW
2023-03-28 21:00:00,1.9,315.64,16.539999,NW
2023-03-29 00:00:00,2.05,309.84998,16.58,NW
2023-03-29 03:00:00,2.1499999,306.74,15.96,NW
2023-03-29 06:00:00,2.28,305.44,15.73,NW
2023-03-29 09:00:00,2.3999999,305.41,15.509999,NW
2023-03-29 12:00:00,2.5,306.3,15.429999,NW
2023-03-29 15:00:00,2.45,306.76,15.07,NW
2023-03-29 18:00:00,2.34,307.21,14.63,NW
2023-03-29 21:00:00,2.32,308.38,14.5,NW
2023-03-30 00:00:00,2.25,309.47,14.32,NW
2023-03-30 03:00:00,2.19,310.27002,14.15,NW
2023-03-30 06:00:00,2.1399999,311.01,13.96,NW
2023-03-30 09:00:00,2.12,311.63,13.7,NW
2023-03-30 12:00:00,2.08,311.81,13.41,NW
2023-03-30 15:00:00,2.06,313.38,13.139999,NW
2023-03-30 18:00:00,2.04,316.82,12.78,NW
2023-03-30 21:00:00,2.06,319.89,12.389999,NW
2023-03-31 00:00:00,2.04,320.71,12.17,NW
2023-03-31 03:00:00,2.06,321.91998,12.09,NW
2023-03-31 06:00:00,2.1299999,323.59998,12.17,NW
2023-03-31 09:00:00,2.23,325.19,12.32,NW
2023-03-31 12:00:00,2.37,325.57,12.94,NW
2023-03-31 15:00:00,2.47,324.56,13.66,NW
2023-03-31 18:00:00,2.58,324.62,13.82,NW
2023-03-31 21:00:00,2.6299999,324.28,13.82,NW
2023-04-01 00:00:00,2.6799998,325.32,15.139999,NW
2023-04-01 03:00:00,3.01,327.22,15.66,NW
2023-04-01 06:00:00,2.98,327.84,15.099999,NW
2023-04-01 09:00:00,3.1899998,339.96,13.92,N
2023-04-01 12:00:00,3.02,342.31,12.889999,N
2023-04-01 15:00:00,2.9399998,340.95,12.799999,N
2023-04-01 18:00:00,2.81,339.64,12.88,N
2023-04-01 21:00:00,2.8999999,340.09,13.15,N
2023-04-02 00:00:00,2.71,341.88,12.849999,N
2023-04-02 03:00:00,2.52,344.19,12.3,N
2023-04-02 06:00:00,2.4099998,345.12,12.15,N
2023-04-02 09:00:00,2.3899999,347.38,11.74,N
2023-04-02 12:00:00,2.4299998,348.26,8.83,N
2023-04-02 15:00:00,2.54,349.3,8.87,N
2023-04-02 18:00:00,2.59,350.55,6.92,N
2023-04-02 21:00:00,2.51,350.05,7.14,N
2023-04-03 00:00:00,2.3799999,349.55,7.2599998,N
2023-04-03 03:00:00,2.3899999,349.94,7.44,N
2023-04-03 06:00:00,2.2,349.76,7.2999997,N
2023-04-03 09:00:00,2.05,348.84,8.48,N
2023-04-03 12:00:00,1.92,346.24,10.79,N
2023-04-03 15:00:00,1.8,344.47,10.67,N
2023-04-03 18:00:00,1.73,343.68,10.53,N
2023-04-03 21:00:00,1.65,341.22998,8.09,N
2023-04-04 00:00:00,1.52,337.4,6.3399997,NW
2023-04-04 03:00:00,1.53,335.37,6.64,NW
2023-04-04 06:00:00,1.5799999,333.39,6.94,NW
2023-04-04 09:00:00,1.8199999,330.53998,7.3999996,NW
2023-04-04 12:00:00,2.1299999,326.78,7.8199997,NW
2023-04-04 15:00:00,2.3799999,322.59998,8.33,NW
2023-04-04 18:00:00,2.86,319.31,15.75,NW
2023-04-04 21:00:00,3.05,314.38,15.5,NW
2023-04-05 00:00:00,2.96,313.05,14.28,NW
2023-04-05 03:00:00,2.8799999,312.94,13.49,NW
2023-04-05 06:00:00,2.78,313.58002,13.09,NW
2023-04-05 09:00:00,2.69,314.5,12.94,NW
2023-04-05 12:00:00,3.08,317.46,13.11,NW
2023-04-05 15:00:00,3.1899998,321.78,12.03,NW
2023-04-05 18:00:00,3.1899998,324.91,11.309999,NW
2023-04-05 21:00:00,2.99,327.61,10.63,NW
2023-04-06 00:00:00,2.87,329.63,10.59,NW
2023-04-06 03:00:00,3.01,330.72,10.809999,NW
2023-04-06 06:00:00,3.02,331.47,10.59,NW
2023-04-06 09:00:00,2.86,330.46,10.29,NW
2023-04-06 12:00:00,2.6499999,328.0,10.11,NW
2023-04-06 15:00:00,2.53,325.19,9.94,NW
2023-04-06 18:00:00,2.4199998,323.34,9.7699995,NW
2023-04-06 21:00:00,2.3,322.38,9.61,NW
2023-04-07 00:00:00,2.19,321.64,11.59,NW
2023-04-07 03:00:00,2.09,320.38,14.389999,NW
2023-04-07 06:00:00,1.9599999,319.21,13.91,NW
2023-04-07 09:00:00,1.9399999,318.9,13.719999,NW
2023-04-07 12:00:00,1.8399999,318.51,13.5,NW
2023-04-07 15:00:00,1.78,318.37,13.429999,NW
2023-04-07 18:00:00,1.6999999,318.25,13.25,NW
2023-04-07 21:00:00,1.5699999,318.06,12.88,NW
2023-04-08 00:00:00,1.53,318.46,12.63,NW
2023-04-08 03:00:00,1.4499999,318.69,12.259999,NW
2023-04-08 06:00:00,1.41,317.96,12.15,NW
2023-04-08 09:00:00,1.38,317.47,12.099999,NW
2023-04-08 12:00:00,1.3299999,317.15,11.96,NW
2023-04-08 15:00:00,1.29,317.18,11.759999,NW
2023-04-08 18:00:00,1.25,317.41998,11.5199995,NW
2023-04-08 21:00:00,1.23,318.2,11.19,NW
2023-04-09 00:00:00,1.24,319.09998,14.38,NW
2023-04-09 03:00:00,1.31,319.19,14.13,NW
2023-04-09 06:00:00,1.4399999,317.47,14.099999,NW
2023-04-09 09:00:00,1.5899999,316.59,14.0199995,NW
2023-04-09 12:00:00,1.5999999,319.55,13.07,NW
2023-04-09 15:00:00,1.81,322.52002,13.24,NW
2023-04-09 18:00:00,1.86,322.22,13.28,NW
2023-04-09 21:00:00,1.8199999,320.9,13.23,NW
2023-04-10 00:00:00,1.79,320.27002,13.19,NW
2023-04-10 03:00:00,1.8,320.8,13.16,NW
2023-04-10 06:00:00,1.87,322.27002,13.25,NW
2023-04-10 09:00:00,1.9499999,323.96,13.33,NW
2023-04-10 12:00:00,2.0,325.46,13.23,NW
2023-04-10 15:00:00,2.04,328.28998,13.059999,NW
2023-04-10 18:00:00,2.08,332.74,12.559999,NW
2023-04-10 21:00:00,2.01,331.57,12.24,NW
2023-04-11 00:00:00,1.9699999,329.89,12.34,NW
2023-04-11 03:00:00,1.93,330.76,12.639999,NW
2023-04-11 06:00:00,1.9599999,332.09,13.15,NW
2023-04-11 09:00:00,1.99,332.24,14.139999,NW
2023-04-11 12:00:00,2.09,331.76,14.71,NW
2023-04-11 15:00:00,2.12,330.61,14.65,NW
2023-04-11 18:00:00,2.18,329.41,14.37,NW
2023-04-11 21:00:00,2.31,330.24,14.2699995,NW
2023-04-12 00:00:00,2.1299999,329.91998,13.49,NW
2023-04-12 03:00:00,1.99,330.26,13.049999,NW
2023-04-12 06:00:00,1.93,330.91,12.799999,NW
2023-04-12 09:00:00,1.9799999,333.51,12.49,NW
2023-04-12 12:00:00,2.07,335.74,12.469999,NW
2023-04-12 15:00:00,2.1699998,336.37,12.809999,NW
2023-04-12 18:00:00,2.1,336.53998,12.63,NW
2023-04-12 21:00:00,2.09,337.24,12.389999,NW
2023-04-13 00:00:00,2.1499999,337.94,12.32,N
2023-04-13 03:00:00,2.1299999,338.3,12.349999,N
2023-04-13 06:00:00,2.1,338.91,12.74,N
2023-04-13 09:00:00,2.18,339.94,13.139999,N
2023-04-13 12:00:00,2.3,340.41998,13.62,N
2023-04-13 15:00:00,2.45,342.36,14.25,N
2023-04-13 18:00:00,2.6799998,345.14,14.25,N
2023-04-13 21:00:00,2.85,345.82,14.17,N
2023-04-14 00:00:00,2.9199998,346.33002,13.809999,N
2023-04-14 03:00:00,2.8999999,346.33002,13.429999,N
2023-04-14 06:00:00,2.79,345.9,13.2,N
2023-04-14 09:00:00,2.8999999,345.27,13.389999,N
2023-04-14 12:00:00,2.8,343.49,13.62,N
2023-04-14 15:00:00,2.8899999,344.33002,13.559999,N
2023-04-14 18:00:00,3.0,346.28998,13.36,N
2023-04-14 21:00:00,2.9399998,345.86,13.2,N
2023-04-15 00:00:00,2.77,345.22,13.0199995,N
2023-04-15 03:00:00,2.62,345.36,12.83,N
2023-04-15 06:00:00,2.46,345.49,12.639999,N
2023-04-15 09:00:00,2.37,346.24,12.599999,N
2023-04-15 12:00:00,2.57,346.84,12.78,N
2023-04-15 15:00:00,2.53,347.09,12.3,N
2023-04-15 18:00:00,2.55,348.76,9.04,N
2023-04-15 21:00:00,2.56,348.53998,7.52,N
2023-04-16 00:00:00,2.4199998,347.05,7.66,N
2023-04-16 03:00:00,2.26,343.49,14.62,N
2023-04-16 06:00:00,2.07,340.41998,14.25,N
2023-04-16 09:00:00,1.9,338.26,13.61,N
2023-04-16 12:00:00,1.8199999,336.97998,13.28,NW
2023-04-16 15:00:00,1.6999999,335.24,13.009999,NW
2023-04-16 18:00:00,1.5799999,333.53,12.67,NW
2023-04-16 21:00:00,1.55,333.09998,12.389999,NW
2023-04-17 00:00:00,1.54,333.8,12.03,NW
2023-04-17 03:00:00,1.48,333.52,11.7,NW
2023-04-17 06:00:00,1.38,332.08002,11.2,NW
2023-04-17 09:00:00,1.3199999,330.78998,11.05,NW
2023-04-17 12:00:00,1.29,330.56,10.969999,NW
2023-04-17 15:00:00,1.28,332.53,10.71,NW
2023-04-17 18:00:00,1.22,331.08002,9.62,NW
2023-04-17 21:00:00,1.23,332.69,9.71,NW
2023-04-18 00:00:00,1.23,330.52,9.57,NW
2023-04-18 03:00:00,1.24,327.37,14.389999,NW
2023-04-18 06:00:00,1.26,323.75,14.11,NW
2023-04-18 09:00:00,1.3199999,320.59998,13.79,NW
2023-04-18 12:00:00,1.4,318.09998,13.67,NW
2023-04-18 15:00:00,1.48,316.64,13.44,NW
2023-04-18 18:00:00,1.5799999,315.43,13.929999,NW
2023-04-18 21:00:00,1.7199999,314.07,14.69,NW
2023-04-19 00:00:00,1.8399999,312.69,14.549999,NW
2023-04-19 03:00:00,1.88,311.31,14.23,NW
2023-04-19 06:00:00,1.89,310.38,13.809999,NW
2023-04-19 09:00:00,1.91,309.9,13.54,NW
2023-04-19 12:00:00,1.87,309.84998,13.15,NW
2023-04-19 15:00:00,1.86,309.27002,12.83,NW
2023-04-19 18:00:00,1.8299999,309.97998,12.4,NW
2023-04-19 21:00:00,1.73,311.37,11.87,NW
2023-04-20 00:00:00,1.74,311.74,11.87,NW
2023-04-20 03:00:00,1.77,312.8,11.96,NW
2023-04-20 06:00:00,1.5999999,314.59998,11.37,NW
2023-04-20 09:00:00,1.67,318.99,11.74,NW
2023-04-20 12:00:00,1.6999999,320.86,12.21,NW
2023-04-20 15:00:00,1.7099999,321.88,12.53,NW
2023-04-20 18:00:00,1.7199999,322.82,12.62,NW
2023-04-20 21:00:00,1.79,321.69,12.78,NW
2023-04-21 00:00:00,1.66,319.32,12.509999,NW
2023-04-21 03:00:00,1.5,318.97998,12.0199995,NW
2023-04-21 06:00:00,1.37,318.78,11.599999,NW
2023-04-21 09:00:00,1.27,318.15,11.2,NW
2023-04-21 12:00:00,1.1999999,316.96,11.32,NW
2023-04-21 15:00:00,1.15,315.72998,11.75,NW
2023-04-21 18:00:00,1.14,314.51,11.86,NW
2023-04-21 21:00:00,1.17,313.22998,11.559999,NW
2023-04-22 00:00:00,1.22,311.77002,11.0,NW
2023-04-22 03:00:00,1.26,310.16,10.63,NW
2023-04-22 06:00:00,1.3,308.58002,10.139999,NW
2023-04-22 09:00:00,1.3399999,307.18,9.91,NW
2023-04-22 12:00:00,1.28,306.63,9.389999,NW
2023-04-22 15:00:00,1.38,306.79,10.26,NW
2023-04-22 18:00:00,1.61,310.19,11.719999,NW
2023-04-22 21:00:00,1.9599999,314.83002,12.45,NW
2023-04-23 00:00:00,2.37,318.55,15.62,NW
2023-04-23 03:00:00,2.52,321.45,14.559999,NW
2023-04-23 06:00:00,2.58,325.88,13.84,NW
2023-04-23 09:00:00,2.49,328.45,13.2699995,NW
2023-04-23 12:00:00,2.4199998,330.84998,12.95,NW
2023-04-23 15:00:00,2.3799999,334.55,12.44,NW
2023-04-23 18:00:00,2.4099998,339.47,12.0199995,N
2023-04-23 21:00:00,2.37,341.03,11.83,N
2023-04-24 00:00:00,2.27,341.47998,11.719999,N
2023-04-24 03:00:00,2.1299999,341.09998,11.41,N
2023-04-24 06:00:00,1.9499999,340.43,11.0,N
2023-04-24 09:00:00,1.6999999,340.05,10.49,N
2023-04-24 12:00:00,1.68,339.78,10.349999,N
2023-04-24 15:00:00,1.62,340.16,10.11,N
2023-04-24 18:00:00,1.5799999,342.81,9.9,N
2023-04-24 21:00:00,1.51,344.68,6.21,N
2023-04-25 00:00:00,1.51,345.77,6.27,N
2023-04-25 03:00:00,1.39,343.95,6.2999997,N
2023-04-25 06:00:00,1.26,343.22998,6.2799997,N
2023-04-25 09:00:00,1.14,342.91998,6.15,N
2023-04-25 12:00:00,1.01,340.74,6.0099998,N
2023-04-25 15:00:00,0.91999996,337.94,5.81,N
2023-04-25 18:00:00,0.85999995,335.74,5.67,NW
2023-04-25 21:00:00,0.84,334.28998,5.5499997,NW
2023-04-26 00:00:00,0.84,331.02,5.45,NW
2023-04-26 03:00:00,0.84999996,322.99,14.349999,NW
2023-04-26 06:00:00,0.89,315.12,13.849999,NW
2023-04-26 09:00:00,0.85999995,310.7,12.55,NW
2023-04-26 12:00:00,0.96,308.86,12.309999,NW
2023-04-26 15:00:00,1.1,304.66,12.24,NW
2023-04-26 18:00:00,1.2099999,301.69,12.0199995,NW
2023-04-26 21:00:00,1.43,300.28,12.21,NW
2023-04-27 00:00:00,1.36,299.96,11.5199995,NW
2023-04-27 03:00:00,1.26,300.96,10.849999,NW
2023-04-27 06:00:00,1.1899999,302.32,10.53,NW
2023-04-27 09:00:00,1.1899999,303.14,10.48,NW
2023-04-27 12:00:00,1.1999999,303.15,10.469999,NW
2023-04-27 15:00:00,1.17,300.78,10.61,NW
2023-04-27 18:00:00,1.15,299.82,10.599999,NW
2023-04-27 21:00:00,1.11,299.11,10.41,NW
2023-04-28 00:00:00,1.06,298.32,10.15,NW
2023-04-28 03:00:00,1.01,297.87,9.94,NW
2023-04-28 06:00:00,0.96999997,297.3,9.76,NW
2023-04-28 09:00:00,0.91999996,296.93,9.54,NW
2023-04-28 12:00:00,0.93,296.46,9.55,NW
2023-04-28 15:00:00,0.95,295.34,9.65,NW
2023-04-28 18:00:00,0.9,294.63,9.42,NW
2023-04-28 21:00:00,0.87,293.76,9.16,NW
2023-04-29 00:00:00,0.9,295.93,9.13,NW
2023-04-29 03:00:00,0.89,303.03,8.73,NW
2023-04-29 06:00:00,0.96,311.83002,8.74,NW
2023-04-29 09:00:00,1.12,325.58002,10.38,NW
2023-04-29 12:00:00,1.3,333.91998,6.97,NW
2023-04-29 15:00:00,1.4599999,339.89,4.9,N
2023-04-29 18:00:00,1.64,347.27,5.29,N
2023-04-29 21:00:00,1.7199999,350.08002,5.66,N
2023-04-30 00:00:00,1.7099999,350.8,5.7999997,N
2023-04-30 03:00:00,1.6999999,351.61,5.81,N
2023-04-30 06:00:00,1.75,352.12,5.95,N
2023-04-30 09:00:00,1.7199999,350.06,6.02,N
2023-04-30 12:00:00,1.73,346.39,6.0499997,N
2023-04-30 15:00:00,1.75,346.91998,6.0099998,N
2023-04-30 18:00:00,1.9799999,350.47,6.2,N
2023-04-30 21:00:00,1.9,351.8,6.2999997,N
2023-05-01 00:00:00,1.8399999,350.34998,6.31,N
2023-05-01 03:00:00,1.77,347.9,6.3199997,N
2023-05-01 06:00:00,1.6899999,345.99,6.31,N
2023-05-01 09:00:00,1.68,346.09998,6.14,N
2023-05-01 12:00:00,1.7199999,345.91998,5.89,N
2023-05-01 15:00:00,1.75,346.61,5.7999997,N
2023-05-01 18:00:00,1.8,348.27,5.91,N
2023-05-01 21:00:00,1.74,347.72,6.0699997,N
2023-05-02 00:00:00,1.5999999,346.51,6.0899997,N
2023-05-02 03:00:00,1.42,343.45,6.22,N
2023-05-02 06:00:00,1.29,340.97998,6.27,N
2023-05-02 09:00:00,1.13,337.8,6.15,N
2023-05-02 12:00:00,1.04,330.47998,6.1,NW
2023-05-02 15:00:00,1.03,321.69,14.11,NW
2023-05-02 18:00:00,0.98999995,313.62,12.94,NW
2023-05-02 21:00:00,1.05,306.76,12.59,NW
2023-05-03 00:00:00,1.0699999,302.52,12.059999,NW
2023-05-03 03:00:00,1.09,299.99,11.71,NW
2023-05-03 06:00:00,1.16,297.08,11.82,NW
2023-05-03 09:00:00,1.22,297.6,11.9,NW
2023-05-03 12:00:00,1.22,295.51,11.83,NW
2023-05-03 15:00:00,1.17,296.6,11.639999,NW
2023-05-03 18:00:00,1.12,297.85,11.49,NW
2023-05-03 21:00:00,1.12,298.64,11.23,NW
2023-05-04 00:00:00,1.13,298.43,11.11,NW
2023-05-04 03:00:00,1.15,300.41,10.969999,NW
2023-05-04 06:00:00,1.2099999,306.37,10.83,NW
2023-05-04 09:00:00,1.29,316.14,10.67,NW
2023-05-04 12:00:00,1.43,325.86,10.5199995,NW
2023-05-04 15:00:00,1.54,331.53998,10.349999,NW
2023-05-04 18:00:00,1.65,336.53998,5.12,NW
2023-05-04 21:00:00,1.76,339.09,5.5299997,N
2023-05-05 00:00:00,1.78,338.05,7.0899997,N
2023-05-05 03:00:00,1.8199999,334.47998,7.62,NW
2023-05-05 06:00:00,1.9,331.96,10.83,NW
2023-05-05 09:00:00,2.01,331.84,11.61,NW
2023-05-05 12:00:00,2.1,331.21,11.809999,NW
2023-05-05 15:00:00,2.1499999,330.14,11.82,NW
2023-05-05 18:00:00,2.08,329.71,11.49,NW
2023-05-05 21:00:00,2.1,327.63,11.67,NW
2023-05-06 00:00:00,2.04,324.72998,11.7,NW
2023-05-06 03:00:00,1.99,324.64,11.559999,NW
2023-05-06 06:00:00,1.79,325.58002,10.99,NW
2023-05-06 09:00:00,1.8,329.21,11.139999,NW
2023-05-06 12:00:00,1.65,331.97,10.679999,NW
2023-05-06 15:00:00,1.75,334.88,10.82,NW
2023-05-06 18:00:00,1.81,337.2,10.7699995,NW
2023-05-06 21:00:00,1.75,337.55,8.04,N
2023-05-07 00:00:00,1.65,337.34998,7.52,NW
2023-05-07 03:00:00,1.7199999,341.59998,5.92,N
2023-05-07 06:00:00,1.87,345.34998,6.18,N
2023-05-07 09:00:00,2.1499999,347.91998,6.42,N
2023-05-07 12:00:00,2.36,347.59998,6.64,N
2023-05-07 15:00:00,2.49,348.0,6.79,N
2023-05-07 18:00:00,2.76,349.89,7.1299996,N
2023-05-07 21:00:00,2.72,350.09,7.6499996,N
2023-05-08 00:00:00,2.5,349.01,7.79,N
2023-05-08 03:00:00,2.4299998,348.88,7.97,N
2023-05-08 06:00:00,2.37,349.09998,8.01,N
2023-05-08 09:00:00,2.32,349.61,7.89,N
2023-05-08 12:00:00,2.49,349.38,7.8399997,N
2023-05-08 15:00:00,2.51,349.26,7.75,N
2023-05-08 18:00:00,2.55,349.72998,7.77,N
2023-05-08 21:00:00,2.55,348.09998,8.0199995,N
2023-05-09 00:00:00,2.3799999,345.64,8.16,N
2023-05-09 03:00:00,2.3,345.46,8.13,N
2023-05-09 06:00:00,2.34,346.06,8.0,N
2023-05-09 09:00:00,2.45,345.0,7.81,N
2023-05-09 12:00:00,2.61,344.19,7.6299996,N
2023-05-09 15:00:00,2.69,344.41998,7.6,N
2023-05-09 18:00:00,2.76,344.84,7.74,N
2023-05-09 21:00:00,2.75,345.16998,7.8999996,N
2023-05-10 00:00:00,2.6799998,345.65,8.04,N
2023-05-10 03:00:00,2.51,345.81,8.08,N
2023-05-10 06:00:00,2.35,346.34,8.0199995,N
2023-05-10 09:00:00,2.29,348.72998,7.8199997,N
2023-05-10 12:00:00,2.3799999,347.9,7.62,N
2023-05-10 15:00:00,2.5,348.82,7.68,N
2023-05-10 18:00:00,2.87,351.06,8.11,N
2023-05-10 21:00:00,2.85,350.09998,8.349999,N
2023-05-11 00:00:00,2.7,349.03,8.7,N
2023-05-11 03:00:00,2.59,348.45,8.91,N
2023-05-11 06:00:00,2.52,347.91998,9.01,N
2023-05-11 09:00:00,2.58,347.64,9.12,N
2023-05-11 12:00:00,2.7,347.16998,9.28,N
2023-05-11 15:00:00,2.74,347.89,9.45,N
2023-05-11 18:00:00,2.78,348.66998,9.48,N
2023-05-11 21:00:00,2.74,347.36,9.32,N
2023-05-12 00:00:00,2.62,345.57,9.309999,N
2023-05-12 03:00:00,2.46,343.94,9.389999,N
2023-05-12 06:00:00,2.3899999,342.44,9.71,N
2023-05-12 09:00:00,2.6,341.55,10.54,N
2023-05-12 12:00:00,2.51,340.7,10.55,N
2023-05-12 15:00:00,2.56,342.41,10.59,N
2023-05-12 18:00:00,2.74,344.84,10.67,N
2023-05-12 21:00:00,2.45,345.03998,9.889999,N
2023-05-13 00:00:00,2.62,344.47,10.219999,N
2023-05-13 03:00:00,2.6499999,344.18,10.21,N
2023-05-13 06:00:00,2.62,344.27,10.2,N
2023-05-13 09:00:00,2.57,344.24,10.24,N
2023-05-13 12:00:00,2.54,344.2,10.219999,N
2023-05-13 15:00:00,2.55,345.7,10.179999,N
2023-05-13 18:00:00,2.7,343.33002,10.65,N
2023-05-13 21:00:00,2.72,344.34998,10.219999,N
2023-05-14 00:00:00,2.6399999,345.12,9.849999,N
2023-05-14 03:00:00,2.3899999,345.33002,9.51,N
2023-05-14 06:00:00,2.1699998,344.41998,9.3,N
2023-05-14 09:00:00,2.05,344.77,9.21,N
2023-05-14 12:00:00,2.03,345.61,9.07,N
2023-05-14 15:00:00,2.08,345.66,8.99,N
2023-05-14 18:00:00,2.23,345.47998,8.96,N
2023-05-14 21:00:00,2.26,344.8,8.929999,N
2023-05-15 00:00:00,2.1599998,344.66998,8.92,N
2023-05-15 03:00:00,2.11,344.88,8.84,N
2023-05-15 06:00:00,2.05,345.27,8.809999,N
2023-05-15 09:00:00,2.01,346.77,8.9,N
2023-05-15 12:00:00,2.04,347.49,8.929999,N
2023-05-15 15:00:00,2.04,347.56,8.88,N
2023-05-15 18:00:00,2.01,347.56,8.809999,N
2023-05-15 21:00:00,2.04,347.71,8.679999,N
2023-05-16 00:00:00,2.01,348.66,8.28,N
2023-05-16 03:00:00,1.9,348.34,8.24,N
2023-05-16 06:00:00,1.79,347.31,8.22,N
2023-05-16 09:00:00,1.8,348.8,8.24,N
2023-05-16 12:00:00,1.62,347.31,8.05,N
2023-05-16 15:00:00,1.5899999,346.71,8.2,N
2023-05-16 18:00:00,1.5799999,345.46,8.2,N
2023-05-16 21:00:00,1.5699999,342.89,8.13,N
2023-05-17 00:00:00,1.5999999,340.69,8.2,N
2023-05-17 03:00:00,1.62,339.41998,8.41,N
2023-05-17 06:00:00,1.6899999,338.05,8.67,N
2023-05-17 09:00:00,1.67,336.25,8.5199995,NW
2023-05-17 12:00:00,1.8199999,335.22,8.87,NW
2023-05-17 15:00:00,1.88,334.97998,9.01,NW
2023-05-17 18:00:00,1.99,336.37,9.33,NW
2023-05-17 21:00:00,2.01,337.53998,9.429999,N
2023-05-18 00:00:00,1.99,337.64,9.36,N
2023-05-18 03:00:00,1.86,336.83002,9.12,NW
2023-05-18 06:00:00,1.74,335.9,8.96,NW
2023-05-18 09:00:00,1.63,335.07,8.809999,NW
2023-05-18 12:00:00,1.56,334.49,8.67,NW
2023-05-18 15:00:00,1.53,334.7,8.67,NW
2023-05-18 18:00:00,1.48,335.71,8.69,NW
2023-05-18 21:00:00,1.51,335.66998,8.78,NW
2023-05-19 00:00:00,1.5,334.63,8.72,NW
2023-05-19 03:00:00,1.48,333.41,8.74,NW
2023-05-19 06:00:00,1.4499999,332.5,8.679999,NW
2023-05-19 09:00:00,1.31,332.5,8.21,NW
2023-05-19 12:00:00,1.42,333.64,8.599999,NW
2023-05-19 15:00:00,1.42,334.09998,8.7,NW
2023-05-19 18:00:00,1.4599999,334.68,8.929999,NW
2023-05-19 21:00:00,1.39,334.71,8.679999,NW
2023-05-20 00:00:00,1.4699999,333.96,8.96,NW
2023-05-20 03:00:00,1.5999999,333.62,9.46,NW
2023-05-20 06:00:00,1.6899999,334.33002,9.94,NW
2023-05-20 09:00:00,1.76,335.2,10.219999,NW
2023-05-20 12:00:00,1.7099999,335.53998,10.11,NW
2023-05-20 15:00:00,1.73,335.11,10.25,NW
2023-05-20 18:00:00,1.64,330.95,10.26,NW
2023-05-20 21:00:00,1.68,330.49,10.86,NW
2023-05-21 00:00:00,1.62,329.86,10.73,NW
2023-05-21 03:00:00,1.56,329.52002,10.54,NW
2023-05-21 06:00:00,1.51,330.03,10.24,NW
2023-05-21 09:00:00,1.49,330.53998,10.09,NW
2023-05-21 12:00:00,1.48,330.8,10.0,NW
2023-05-21 15:00:00,1.5,331.65,9.929999,NW
2023-05-21 18:00:00,1.5899999,332.53,9.9,NW
2023-05-21 21:00:00,1.5899999,332.26,9.55,NW
2023-05-22 00:00:00,1.67,332.97,9.41,NW
2023-05-22 03:00:00,1.73,334.13,9.469999,NW
2023-05-22 06:00:00,1.79,335.55,9.69,NW
2023-05-22 09:00:00,1.8,336.62,9.88,NW
2023-05-22 12:00:00,1.76,336.94,9.809999,NW
2023-05-22 15:00:00,1.7199999,336.91998,9.719999,NW
2023-05-22 18:00:00,1.68,337.14,9.61,NW
2023-05-22 21:00:00,1.61,336.47998,9.309999,NW
2023-05-23 00:00:00,1.53,335.2,9.04,NW
2023-05-23 03:00:00,1.48,334.3,8.889999,NW
2023-05-23 06:00:00,1.4699999,334.15,8.889999,NW
2023-05-23 09:00:00,1.56,336.37,9.65,NW
2023-05-23 12:00:00,1.54,335.8,9.719999,NW
2023-05-23 15:00:00,1.4599999,335.37,9.7,NW
2023-05-23 18:00:00,1.42,334.41998,9.44,NW
2023-05-23 21:00:00,1.3299999,333.68,9.12,NW
2023-05-24 00:00:00,1.3199999,333.43,9.21,NW
2023-05-24 03:00:00,1.3,333.28,9.16,NW
2023-05-24 06:00:00,1.3,333.41998,9.2,NW
2023-05-24 09:00:00,1.3299999,334.02,9.57,NW
2023-05-24 12:00:00,1.39,335.2,10.13,NW
2023-05-24 15:00:00,1.4599999,336.82,10.25,NW
2023-05-24 18:00:00,1.5,338.77,10.05,N
2023-05-24 21:00:00,1.51,338.63,9.929999,N
2023-05-25 00:00:00,1.4499999,338.18,9.83,N
2023-05-25 03:00:00,1.4,338.28,9.8,N
2023-05-25 06:00:00,1.4399999,338.74,9.98,N
2023-05-25 09:00:00,1.4599999,339.8,10.07,N
2023-05-25 12:00:00,1.4599999,340.99,9.969999,N
2023-05-25 15:00:00,1.48,342.12,10.0,N
2023-05-25 18:00:00,1.53,342.65,10.219999,N
2023-05-25 21:00:00,1.52,341.82,10.309999,N
2023-05-26 00:00:00,1.4,340.77,10.01,N
2023-05-26 03:00:00,1.26,340.12,9.7699995,N
2023-05-26 06:00:00,1.17,339.77,9.71,N
2023-05-26 09:00:00,1.15,339.65,9.92,N
2023-05-26 12:00:00,1.14,339.75,9.9,N
2023-05-26 15:00:00,1.12,340.16,9.76,N
2023-05-26 18:00:00,1.1999999,339.2,9.92,N
2023-05-26 21:00:00,1.12,336.52,9.7699995,NW
2023-05-27 00:00:00,1.06,337.5,9.33,NW
2023-05-27 03:00:00,1.03,339.22,16.38,N
2023-05-27 06:00:00,0.96999997,340.53,15.589999,N
2023-05-27 09:00:00,0.95,341.31,14.78,N
2023-05-27 12:00:00,0.94,341.91998,14.4,N
2023-05-27 15:00:00,0.98999995,342.33002,14.33,N
2023-05-27 18:00:00,1.03,342.68,14.03,N
2023-05-27 21:00:00,1.0799999,343.12,13.63,N
2023-05-28 00:00:00,1.0799999,342.84,13.24,N
2023-05-28 03:00:00,1.06,342.53998,12.509999,N
2023-05-28 06:00:00,1.05,342.09998,11.969999,N
2023-05-28 09:00:00,1.01,341.49,11.78,N
2023-05-28 12:00:00,0.97999996,341.24,11.48,N
2023-05-28 15:00:00,0.96999997,341.24,11.04,N
2023-05-28 18:00:00,0.97999996,342.09,10.73,N
2023-05-28 21:00:00,0.96999997,342.83002,10.45,N
2023-05-29 00:00:00,0.93,342.87,10.179999,N
2023-05-29 03:00:00,0.9,342.72998,10.0199995,N
2023-05-29 06:00:00,0.89,342.53998,9.99,N
2023-05-29 09:00:00,0.9,343.13,10.639999,N
2023-05-29 12:00:00,0.93,341.87,11.19,N
2023-05-29 15:00:00,0.93,341.14,11.04,N
2023-05-29 18:00:00,0.85999995,340.97998,10.42,N
2023-05-29 21:00:00,0.75,339.24,9.75,N
2023-05-30 00:00:00,0.76,338.19,9.969999,N
2023-05-30 03:00:00,0.66999996,336.2,9.22,NW
2023-05-30 06:00:00,0.65,336.15,9.05,NW
2023-05-30 09:00:00,0.65999997,337.22998,9.55,NW
2023-05-30 12:00:00,0.7,339.37,9.309999,N
2023-05-30 15:00:00,0.71,342.3,9.0199995,N
2023-05-30 18:00:00,0.84,345.49,9.309999,N
2023-05-30 21:00:00,0.88,343.97998,9.349999,N
2023-05-31 00:00:00,0.82,342.88,9.099999,N
2023-05-31 03:00:00,0.77,342.82,8.97,N
2023-05-31 06:00:00,0.76,344.11,8.69,N
2023-05-31 09:00:00,0.79999995,346.99,11.32,N
2023-05-31 12:00:00,0.93,347.16,5.23,N
2023-05-31 15:00:00,0.91999996,346.59998,5.7999997,N
2023-05-31 18:00:00,0.9,345.37,11.62,N
2023-05-31 21:00:00,0.9,342.15,11.74,N
2023-06-01 00:00:00,0.85999995,338.09998,11.92,N
2023-06-01 03:00:00,0.77,334.39,11.57,NW
2023-06-01 06:00:00,0.71999997,332.52,10.969999,NW
2023-06-01 09:00:00,0.68,331.11,10.37,NW
2023-06-01 12:00:00,0.66999996,330.91,10.28,NW
2023-06-01 15:00:00,0.68,327.97998,10.05,NW
2023-06-01 18:00:00,0.72999996,320.16,9.599999,NW
2023-06-01 21:00:00,0.81,307.52,8.99,NW
2023-06-02 00:00:00,0.88,298.15,8.53,NW
2023-06-02 03:00:00,0.89,293.95,8.179999,NW
2023-06-02 06:00:00,0.90999997,291.61,8.12,W
2023-06-02 09:00:00,0.94,289.72998,8.179999,W
2023-06-02 12:00:00,0.97999996,288.2,8.309999,W
2023-06-02 15:00:00,1.02,288.57,8.45,W
2023-06-02 18:00:00,1.02,286.68,8.429999,W
2023-06-02 21:00:00,1.01,288.5,8.36,W
2023-06-03 00:00:00,0.96999997,289.06,8.23,W
2023-06-03 03:00:00,0.94,291.22,8.12,W
2023-06-03 06:00:00,0.93,297.07,8.0,NW
2023-06-03 09:00:00,0.96,309.72,7.85,NW
2023-06-03 12:00:00,1.04,324.41998,7.69,NW
2023-06-03 15:00:00,1.11,333.93,4.35,NW
2023-06-03 18:00:00,1.2099999,341.87,4.79,N
2023-06-03 21:00:00,1.23,344.3,5.2599998,N
2023-06-04 00:00:00,1.16,344.37,5.5099998,N
2023-06-04 03:00:00,1.0699999,344.78,5.5099998,N
2023-06-04 06:00:00,1.03,344.66998,5.47,N
2023-06-04 09:00:00,1.02,344.99,5.5299997,N
2023-06-04 12:00:00,1.02,344.51,5.5,N
2023-06-04 15:00:00,0.97999996,343.47998,5.38,N
2023-06-04 18:00:00,0.96999997,341.62,5.1,N
2023-06-04 21:00:00,0.9,340.59,4.77,N
2023-06-05 00:00:00,0.84999996,340.7,4.74,N
2023-06-05 03:00:00,0.79999995,340.75,4.72,N
2023-06-05 06:00:00,0.77,340.66,6.67,N
2023-06-05 09:00:00,0.77,338.82,9.75,N
2023-06-05 12:00:00,0.83,335.25,9.719999,NW
2023-06-05 15:00:00,0.84,334.26,9.53,NW
2023-06-05 18:00:00,0.79999995,334.18,9.21,NW
2023-06-05 21:00:00,0.75,331.02,8.94,NW
2023-06-06 00:00:00,0.69,327.55,8.67,NW
2023-06-06 03:00:00,0.69,325.91,8.47,NW
2023-06-06 06:00:00,0.71,321.61,8.34,NW
2023-06-06 09:00:00,0.69,320.5,8.19,NW
2023-06-06 12:00:00,0.65999997,321.47,7.68,NW
2023-06-06 15:00:00,0.65999997,318.05,7.23,NW
2023-06-06 18:00:00,0.66999996,311.77002,11.96,NW
2023-06-06 21:00:00,0.68,304.5,11.309999,NW
2023-06-07 00:00:00,0.71999997,294.14,10.36,NW
2023-06-07 03:00:00,0.79999995,277.55,9.719999,W
2023-06-07 06:00:00,0.91999996,268.21,9.25,W
2023-06-07 09:00:00,1.09,262.53,9.23,W
2023-06-07 12:00:00,1.3,259.91998,9.59,W
2023-06-07 15:00:00,1.43,259.32,9.63,W
2023-06-07 18:00:00,1.48,258.9,9.45,W
2023-06-07 21:00:00,1.4699999,256.91,9.23,W
2023-06-08 00:00:00,1.4599999,253.22,9.07,W
2023-06-08 03:00:00,1.36,253.47,8.86,W
2023-06-08 06:00:00,1.3,257.09,8.73,W
2023-06-08 09:00:00,1.28,260.54,8.62,W
2023-06-08 12:00:00,1.2099999,263.01,8.2699995,W
2023-06-08 15:00:00,1.27,266.43,8.23,W
2023-06-08 18:00:00,1.53,272.37,8.8,W
2023-06-08 21:00:00,1.5899999,278.09,9.139999,W
2023-06-09 00:00:00,1.65,281.59,9.41,W
2023-06-09 03:00:00,1.62,283.13,9.13,W
2023-06-09 06:00:00,1.5899999,285.16998,9.04,W
2023-06-09 09:00:00,1.5899999,287.27,9.059999,W
2023-06-09 12:00:00,1.81,289.75,9.8,W
2023-06-09 15:00:00,1.77,290.06,9.76,W
2023-06-09 18:00:00,1.5799999,290.81,9.2,W
2023-06-09 21:00:00,1.4699999,292.01,8.99,W
2023-06-10 00:00:00,1.38,292.43,8.83,W
2023-06-10 03:00:00,1.28,292.85,8.63,NW
2023-06-10 06:00:00,1.24,293.14,8.55,NW
2023-06-10 09:00:00,1.16,294.47998,8.33,NW
2023-06-10 12:00:00,1.11,296.38,8.2,NW
2023-06-10 15:00:00,1.0699999,298.3,8.08,NW
2023-06-10 18:00:00,1.02,299.63,7.98,NW
2023-06-10 21:00:00,1.01,301.62,7.8599997,NW
2023-06-11 00:00:00,0.97999996,302.97,7.75,NW
2023-06-11 03:00:00,0.98999995,303.96,7.91,NW
2023-06-11 06:00:00,0.94,305.27,7.85,NW
2023-06-11 09:00:00,0.97999996,309.72,7.9199996,NW
2023-06-11 12:00:00,0.96,314.31,7.7,NW
2023-06-11 15:00:00,0.93,315.95,7.52,NW
2023-06-11 18:00:00,0.89,318.03,7.37,NW
2023-06-11 21:00:00,0.84,319.77002,7.2,NW
2023-06-12 00:00:00,0.79999995,320.08002,7.1099997,NW
2023-06-12 03:00:00,0.76,320.59998,7.2,NW
2023-06-12 06:00:00,0.75,320.2,7.6499996,NW
2023-06-12 09:00:00,0.77,317.07,8.17,NW
2023-06-12 12:00:00,0.98999995,312.16998,9.09,NW
2023-06-12 15:00:00,0.97999996,308.43,8.79,NW
2023-06-12 18:00:00,0.91999996,306.41,8.179999,NW
2023-06-12 21:00:00,0.90999997,307.49,7.7999997,NW
2023-06-13 00:00:00,0.95,312.49,7.5499997,NW
2023-06-13 03:00:00,0.98999995,319.94,7.2799997,NW
2023-06-13 06:00:00,1.1,329.28,4.68,NW
2023-06-13 09:00:00,1.22,337.06,4.89,NW
2023-06-13 12:00:00,1.36,340.83002,5.0899997,N
2023-06-13 15:00:00,1.4399999,344.41998,5.16,N
2023-06-13 18:00:00,1.56,347.41998,5.44,N
2023-06-13 21:00:00,1.67,348.41998,5.85,N
2023-06-14 00:00:00,1.67,351.25,6.1,N
2023-06-14 03:00:00,1.66,355.61,6.18,N
2023-06-14 06:00:00,1.62,359.21,6.2,N
2023-06-14 09:00:00,1.6999999,0.9600067,6.0899997,N
2023-06-14 12:00:00,1.86,357.56,6.04,N
2023-06-14 15:00:00,2.0,356.03,6.25,N
2023-06-14 18:00:00,2.2,355.5,6.5699997,N
2023-06-14 21:00:00,2.1,354.86,6.79,N
2023-06-15 00:00:00,1.9399999,355.51,6.8599997,N
2023-06-15 03:00:00,1.8499999,355.77,6.95,N
2023-06-15 06:00:00,1.74,354.84,6.97,N
2023-06-15 09:00:00,1.74,353.71,7.0,N
2023-06-15 12:00:00,1.66,350.99,6.7799997,N
2023-06-15 15:00:00,1.62,348.75,6.5299997,N
2023-06-15 18:00:00,1.66,347.16998,6.16,N
2023-06-15 21:00:00,1.66,344.83002,6.56,N
2023-06-16 00:00:00,1.52,342.91998,6.8599997,N
2023-06-16 03:00:00,1.38,339.13,6.8999996,N
2023-06-16 06:00:00,1.31,335.37,6.92,NW
2023-06-16 09:00:00,1.29,333.68,6.92,NW
2023-06-16 12:00:00,1.3399999,332.43,6.8999996,NW
2023-06-16 15:00:00,1.37,329.91998,13.98,NW
2023-06-16 18:00:00,1.4,327.36,13.38,NW
2023-06-16 21:00:00,1.41,322.3,13.03,NW
2023-06-17 00:00:00,1.39,318.2,12.5,NW
2023-06-17 03:00:00,1.4,316.89,12.08,NW
2023-06-17 06:00:00,1.42,316.72,11.8,NW
2023-06-17 09:00:00,1.43,316.08002,11.67,NW
2023-06-17 12:00:00,1.42,315.16,11.61,NW
2023-06-17 15:00:00,1.4399999,314.0,11.8,NW
2023-06-17 18:00:00,1.4699999,314.13,11.83,NW
2023-06-17 21:00:00,1.43,315.91998,11.4,NW
2023-06-18 00:00:00,1.43,318.66,11.21,NW
2023-06-18 03:00:00,1.41,321.12,11.0199995,NW
2023-06-18 06:00:00,1.38,322.51,10.82,NW
2023-06-18 09:00:00,1.3399999,325.45,10.66,NW
2023-06-18 12:00:00,1.36,325.7,10.61,NW
2023-06-18 15:00:00,1.3199999,325.53,10.26,NW
2023-06-18 18:00:00,1.26,324.24,10.03,NW
2023-06-18 21:00:00,1.1999999,322.41,9.88,NW
2023-06-19 00:00:00,1.05,320.47,9.4,NW
2023-06-19 03:00:00,1.01,318.95,9.34,NW
2023-06-19 06:00:00,0.96999997,317.77002,9.26,NW
2023-06-19 09:00:00,0.93,316.57,9.22,NW
2023-06-19 12:00:00,0.9,314.62,9.26,NW
2023-06-19 15:00:00,0.84,313.46,9.09,NW
2023-06-19 18:00:00,0.76,312.38,8.8,NW
2023-06-19 21:00:00,0.71,311.27002,8.47,NW
2023-06-20 00:00:00,0.74,310.33002,8.2699995,NW
2023-06-20 03:00:00,0.81,310.27002,8.059999,NW
2023-06-20 06:00:00,0.88,310.19,7.85,NW
2023-06-20 09:00:00,0.91999996,311.16,7.68,NW
2023-06-20 12:00:00,0.97999996,314.83002,7.5899997,NW
2023-06-20 15:00:00,0.97999996,314.88,7.5299997,NW
2023-06-20 18:00:00,0.91999996,312.4,7.46,NW
2023-06-20 21:00:00,0.87,310.41998,7.37,NW
2023-06-21 00:00:00,0.84999996,309.3,7.45,NW
2023-06-21 03:00:00,0.79999995,309.27002,7.47,NW
2023-06-21 06:00:00,0.74,307.97998,7.3799996,NW
2023-06-21 09:00:00,0.69,306.43,7.3199997,NW
2023-06-21 12:00:00,0.71,305.03,7.45,NW
2023-06-21 15:00:00,0.74,303.6,7.72,NW
2023-06-21 18:00:00,0.66999996,304.14,7.25,NW
2023-06-21 21:00:00,0.69,308.66998,7.02,NW
2023-06-22 00:00:00,0.71999997,312.47,7.1499996,NW
2023-06-22 03:00:00,0.71999997,318.49,6.98,NW
2023-06-22 06:00:00,0.77,325.97,6.74,NW
2023-06-22 09:00:00,0.87,333.28,5.41,NW
2023-06-22 12:00:00,1.03,335.43,4.39,NW
2023-06-22 15:00:00,1.16,336.33002,4.38,NW
2023-06-22 18:00:00,1.3,338.72,4.7,N
2023-06-22 21:00:00,1.37,341.4,5.18,N
2023-06-23 00:00:00,1.39,344.62,5.58,N
2023-06-23 03:00:00,1.3399999,345.95,5.73,N
2023-06-23 06:00:00,1.31,345.2,5.95,N
2023-06-23 09:00:00,1.28,342.37,6.14,N
2023-06-23 12:00:00,1.27,338.94,6.24,N
2023-06-23 15:00:00,1.26,337.32,6.31,NW
2023-06-23 18:00:00,1.24,337.31,6.41,NW
2023-06-23 21:00:00,1.2099999,336.74,6.64,NW
2023-06-24 00:00:00,1.16,336.03,6.83,NW
2023-06-24 03:00:00,1.14,335.84,6.94,NW
2023-06-24 06:00:00,1.13,335.46,6.98,NW
2023-06-24 09:00:00,1.16,335.43,7.14,NW
2023-06-24 12:00:00,1.12,334.74,7.1299996,NW
2023-06-24 15:00:00,1.1,334.87,7.16,NW
2023-06-24 18:00:00,1.1,335.21,7.19,NW
2023-06-24 21:00:00,1.11,334.78,7.17,NW
2023-06-25 00:00:00,1.12,334.4,7.19,NW
2023-06-25 03:00:00,1.09,332.65,7.22,NW
2023-06-25 06:00:00,1.04,329.8,7.2,NW
2023-06-25 09:00:00,1.01,327.45,7.14,NW
2023-06-25 12:00:00,1.03,326.25,7.25,NW
2023-06-25 15:00:00,1.0799999,327.22998,7.5,NW
2023-06-25 18:00:00,1.2099999,330.24,8.01,NW
2023-06-25 21:00:00,1.23,333.94,8.05,NW
2023-06-26 00:00:00,1.39,338.34998,8.36,N
2023-06-26 03:00:00,1.4499999,341.24,8.42,N
2023-06-26 06:00:00,1.52,342.97,8.51,N
2023-06-26 09:00:00,1.49,343.08002,8.38,N
2023-06-26 12:00:00,1.41,342.37,8.22,N
2023-06-26 15:00:00,1.37,342.77,8.179999,N
2023-06-26 18:00:00,1.35,343.91998,8.17,N
2023-06-26 21:00:00,1.37,345.91998,8.26,N
2023-06-27 00:00:00,1.4499999,348.84998,8.349999,N
2023-06-27 03:00:00,1.5699999,351.78998,8.25,N
2023-06-27 06:00:00,1.62,352.95,8.059999,N
2023-06-27 09:00:00,1.65,352.05,7.9199996,N
2023-06-27 12:00:00,1.73,349.95,7.7599998,N
2023-06-27 15:00:00,1.73,348.05,7.58,N
2023-06-27 18:00:00,1.74,346.59998,7.45,N
2023-06-27 21:00:00,1.74,346.15,8.99,N
2023-06-28 00:00:00,1.77,345.84,9.49,N
2023-06-28 03:00:00,1.77,344.76,12.7699995,N
2023-06-28 06:00:00,1.76,344.97,12.4,N
2023-06-28 09:00:00,1.78,345.22998,11.95,N
2023-06-28 12:00:00,1.81,344.5,11.62,N
2023-06-28 15:00:00,1.78,343.5,10.92,N
2023-06-28 18:00:00,1.8,342.03,10.26,N
2023-06-28 21:00:00,1.6899999,343.21,10.0199995,N
2023-06-29 00:00:00,1.73,343.7,9.929999,N
2023-06-29 03:00:00,1.6999999,344.53,9.73,N
2023-06-29 06:00:00,1.6999999,345.82,9.49,N
2023-06-29 09:00:00,1.91,346.21,9.83,N
2023-06-29 12:00:00,1.61,344.58002,8.88,N
2023-06-29 15:00:00,1.78,345.28998,9.2,N
2023-06-29 18:00:00,1.87,345.93,9.24,N
2023-06-29 21:00:00,2.12,346.38,9.21,N
2023-06-30 00:00:00,2.33,346.94,8.96,N
2023-06-30 03:00:00,2.56,348.18,9.13,N
2023-06-30 06:00:00,2.6599998,349.86,9.34,N
2023-06-30 09:00:00,2.73,351.09,9.469999,N
2023-06-30 12:00:00,2.8,350.77,9.389999,N
2023-06-30 15:00:00,2.7,350.27,9.24,N
2023-06-30 18:00:00,2.58,349.21,9.13,N
2023-06-30 21:00:00,2.3899999,347.74,8.96,N
2023-07-01 00:00:00,2.32,347.01,9.11,N
2023-07-01 03:00:00,2.26,346.11,9.51,N
2023-07-01 06:00:00,2.19,345.24,9.78,N
2023-07-01 09:00:00,2.1299999,345.5,9.75,N
2023-07-01 12:00:00,2.22,345.5,9.92,N
2023-07-01 15:00:00,2.28,344.84,10.34,N
2023-07-01 18:00:00,2.23,344.2,10.33,N
2023-07-01 21:00:00,2.25,343.88,10.29,N
2023-07-02 00:00:00,2.21,343.65,10.24,N
2023-07-02 03:00:00,2.1499999,343.78998,10.04,N
2023-07-02 06:00:00,2.08,343.91998,9.719999,N
2023-07-02 09:00:00,2.1,343.64,9.429999,N
2023-07-02 12:00:00,2.12,343.22,9.3,N
2023-07-02 15:00:00,2.1499999,343.62,9.37,N
2023-07-02 18:00:00,2.18,344.18,10.5199995,N
2023-07-02 21:00:00,2.18,343.63,11.179999,N
2023-07-03 00:00:00,2.1499999,342.78,11.48,N
2023-07-03 03:00:00,2.11,342.39,11.639999,N
2023-07-03 06:00:00,2.06,342.2,11.5199995,N
2023-07-03 09:00:00,2.01,342.06,11.25,N
2023-07-03 12:00:00,1.9599999,341.68,11.0199995,N
2023-07-03 15:00:00,1.89,341.49,10.849999,N
2023-07-03 18:00:00,1.8,341.47998,10.75,N
2023-07-03 21:00:00,1.79,341.66,10.73,N
2023-07-04 00:00:00,1.78,342.16,10.66,N
2023-07-04 03:00:00,1.7199999,342.83002,10.4,N
2023-07-04 06:00:00,1.67,343.71,10.11,N
2023-07-04 09:00:00,1.6999999,344.81,9.98,N
2023-07-04 12:00:00,1.74,345.7,9.79,N
2023-07-04 15:00:00,1.76,346.83002,9.51,N
2023-07-04 18:00:00,1.8399999,349.11,9.139999,N
2023-07-04 21:00:00,1.88,348.14,8.91,N
2023-07-05 00:00:00,1.87,347.59998,8.53,N
2023-07-05 03:00:00,1.79,347.71,8.309999,N
2023-07-05 06:00:00,1.7199999,347.21,8.19,N
2023-07-05 09:00:00,1.67,346.99,8.059999,N
2023-07-05 12:00:00,1.77,346.88,8.07,N
2023-07-05 15:00:00,1.6899999,346.82,7.87,N
2023-07-05 18:00:00,1.65,347.36,7.5299997,N
2023-07-05 21:00:00,1.1999999,347.28,6.15,N
2023-07-06 00:00:00,1.42,348.49,6.43,N
2023-07-06 03:00:00,1.49,347.94,6.8199997,N
2023-07-06 06:00:00,1.5,347.9,7.1499996,N
2023-07-06 09:00:00,1.42,347.15,7.2599998,N
2023-07-06 12:00:00,1.3,345.64,7.1299996,N
2023-07-06 15:00:00,1.2099999,345.28,7.06,N
2023-07-06 18:00:00,1.16,345.37,7.0499997,N
2023-07-06 21:00:00,1.12,344.68,7.0699997,N
2023-07-07 00:00:00,1.0799999,343.93,7.18,N
2023-07-07 03:00:00,1.04,343.56,7.3999996,N
2023-07-07 06:00:00,1.01,343.27,7.5,N
2023-07-07 09:00:00,1.0799999,344.55,8.099999,N
2023-07-07 12:00:00,1.0799999,345.08002,8.05,N
2023-07-07 15:00:00,1.0699999,346.46,7.5899997,N
2023-07-07 18:00:00,1.1,348.58002,7.0899997,N
2023-07-07 21:00:00,1.12,349.11,7.1299996,N
2023-07-08 00:00:00,1.1,349.26,7.12,N
2023-07-08 03:00:00,1.1,350.21,7.08,N
2023-07-08 06:00:00,1.03,351.39,6.8199997,N
2023-07-08 09:00:00,1.18,353.02,6.73,N
2023-07-08 12:00:00,1.31,352.43,4.89,N
2023-07-08 15:00:00,1.37,353.86,5.1,N
2023-07-08 18:00:00,1.4599999,355.2,5.33,N
2023-07-08 21:00:00,1.49,354.44,5.64,N
2023-07-09 00:00:00,1.48,353.95,5.7,N
2023-07-09 03:00:00,1.55,352.11,5.71,N
2023-07-09 06:00:00,1.6999999,348.8,7.75,N
2023-07-09 09:00:00,1.93,345.0,13.28,N
2023-07-09 12:00:00,1.8199999,342.15,11.99,N
2023-07-09 15:00:00,2.21,341.33002,12.37,N
2023-07-09 18:00:00,2.36,341.91998,12.24,N
2023-07-09 21:00:00,2.28,343.22,11.7699995,N
2023-07-10 00:00:00,2.21,344.81,11.309999,N
2023-07-10 03:00:00,2.1299999,344.64,11.139999,N
2023-07-10 06:00:00,2.03,343.34,11.0199995,N
2023-07-10 09:00:00,1.93,342.43,10.79,N
2023-07-10 12:00:00,1.89,341.86,10.42,N
2023-07-10 15:00:00,1.86,341.87,10.07,N
2023-07-10 18:00:00,1.91,340.16,10.059999,N
2023-07-10 21:00:00,1.86,340.7,9.74,N
2023-07-11 00:00:00,1.9399999,341.87,9.889999,N
2023-07-11 03:00:00,1.93,342.44,9.79,N
2023-07-11 06:00:00,1.87,342.86,9.57,N
2023-07-11 09:00:00,1.86,344.15,9.08,N
2023-07-11 12:00:00,1.91,345.08002,8.75,N
2023-07-11 15:00:00,1.92,346.05,7.69,N
2023-07-11 18:00:00,1.9399999,347.62,7.3999996,N
2023-07-11 21:00:00,1.9799999,349.15,7.23,N
2023-07-12 00:00:00,2.06,350.7,7.16,N
2023-07-12 03:00:00,2.03,350.88,7.29,N
2023-07-12 06:00:00,1.93,349.88,7.39,N
2023-07-12 09:00:00,1.9699999,349.65,7.3399997,N
2023-07-12 12:00:00,2.09,349.05,6.98,N
2023-07-12 15:00:00,2.11,349.38,6.99,N
2023-07-12 18:00:00,2.1,350.75,7.14,N
2023-07-12 21:00:00,2.06,350.33002,7.23,N
2023-07-13 00:00:00,1.9799999,349.33002,7.2599998,N
2023-07-13 03:00:00,1.91,350.16998,7.12,N
2023-07-13 06:00:00,1.89,351.77,6.8599997,N
2023-07-13 09:00:00,1.87,351.27,6.74,N
2023-07-13 12:00:00,1.81,349.78,6.7599998,N
2023-07-13 15:00:00,1.6899999,348.91,6.7599998,N
2023-07-13 18:00:00,1.5899999,348.38,6.7999997,N
2023-07-13 21:00:00,1.5999999,348.78,6.93,N
2023-07-14 00:00:00,1.5699999,349.72998,6.7799997,N
2023-07-14 03:00:00,1.51,350.71,6.66,N
2023-07-14 06:00:00,1.41,351.34,6.24,N
2023-07-14 09:00:00,1.3199999,351.59,5.5899997,N
2023-07-14 12:00:00,1.54,349.59,5.5699997,N
2023-07-14 15:00:00,1.67,349.51,5.94,N
2023-07-14 18:00:00,1.66,350.11,6.0099998,N
2023-07-14 21:00:00,1.63,349.01,6.23,N
2023-07-15 00:00:00,1.56,346.53998,6.45,N
2023-07-15 03:00:00,1.55,346.22998,6.5099998,N
2023-07-15 06:00:00,1.4499999,347.76,6.14,N
2023-07-15 09:00:00,1.5999999,348.89,6.1,N
2023-07-15 12:00:00,1.67,349.12,5.97,N
2023-07-15 15:00:00,1.74,352.12,5.75,N
2023-07-15 18:00:00,1.99,355.74,6.0499997,N
2023-07-15 21:00:00,2.1,354.84998,6.5699997,N
2023-07-16 00:00:00,2.11,353.19,6.92,N
2023-07-16 03:00:00,2.04,352.65,7.23,N
2023-07-16 06:00:00,1.9599999,352.26,7.31,N
2023-07-16 09:00:00,1.9399999,351.86,7.2599998,N
2023-07-16 12:00:00,2.02,350.63,7.18,N
2023-07-16 15:00:00,2.09,350.07,7.25,N
2023-07-16 18:00:00,2.22,349.45,7.45,N
2023-07-16 21:00:00,2.3,348.34,7.73,N
2023-07-17 00:00:00,2.3,347.76,8.05,N
2023-07-17 03:00:00,2.23,346.44,8.21,N
2023-07-17 06:00:00,2.1399999,344.7,8.349999,N
2023-07-17 09:00:00,2.05,342.52,8.61,N
2023-07-17 12:00:00,1.9699999,341.28,9.0199995,N
2023-07-17 15:00:00,1.9799999,341.66,9.21,N
2023-07-17 18:00:00,2.11,341.39,9.92,N
2023-07-17 21:00:00,2.1499999,342.71,10.38,N
2023-07-18 00:00:00,2.1399999,344.65,10.559999,N
2023-07-18 03:00:00,2.06,345.86,10.17,N
2023-07-18 06:00:00,1.99,347.03998,9.94,N
2023-07-18 09:00:00,1.8399999,345.88,9.7699995,N
2023-07-18 12:00:00,1.8199999,344.14,9.76,N
2023-07-18 15:00:00,1.73,343.08002,9.28,N
2023-07-18 18:00:00,1.5799999,343.34,8.55,N
2023-07-18 21:00:00,1.53,343.51,9.95,N
2023-07-19 00:00:00,1.63,343.2,11.599999,N
2023-07-19 03:00:00,1.63,342.76,11.099999,N
2023-07-19 06:00:00,1.61,342.52,10.809999,N
2023-07-19 09:00:00,1.53,342.53,10.469999,N
2023-07-19 12:00:00,1.48,342.7,9.86,N
2023-07-19 15:00:00,1.4599999,343.41998,9.63,N
2023-07-19 18:00:00,1.48,344.77,9.4,N
2023-07-19 21:00:00,1.5,345.44,8.809999,N
2023-07-20 00:00:00,1.49,345.99,7.18,N
2023-07-20 03:00:00,1.48,346.94,6.99,N
2023-07-20 06:00:00,1.51,348.03,6.87,N
2023-07-20 09:00:00,1.61,349.44,6.71,N
2023-07-20 12:00:00,1.6899999,349.72998,6.6,N
2023-07-20 15:00:00,1.75,351.36,6.5699997,N
2023-07-20 18:00:00,1.7199999,353.49,6.2999997,N
2023-07-20 21:00:00,1.8499999,354.82,6.48,N
2023-07-21 00:00:00,1.92,355.45,6.77,N
2023-07-21 03:00:00,2.07,356.3,7.2599998,N
2023-07-21 06:00:00,2.11,356.44,7.46,N
2023-07-21 09:00:00,2.2,356.07,7.45,N
2023-07-21 12:00:00,2.34,355.22998,7.3599997,N
2023-07-21 15:00:00,2.36,356.16,7.31,N
2023-07-21 18:00:00,2.36,357.25,7.2999997,N
2023-07-21 21:00:00,2.31,358.22998,7.29,N
2023-07-22 00:00:00,2.19,359.8,7.21,N
2023-07-22 03:00:00,2.04,359.57,7.24,N
2023-07-22 06:00:00,1.88,357.8,7.22,N
2023-07-22 09:00:00,1.91,357.38,6.97,N
2023-07-22 12:00:00,1.8499999,356.39,6.35,N
2023-07-22 15:00:00,1.9399999,357.28998,6.3399997,N
2023-07-22 18:00:00,2.02,357.44,6.5,N
2023-07-22 21:00:00,1.77,356.46,6.24,N
2023-07-23 00:00:00,1.79,355.51,6.31,N
2023-07-23 03:00:00,1.8299999,353.38,6.6499996,N
2023-07-23 06:00:00,1.79,350.75,6.85,N
2023-07-23 09:00:00,1.78,349.36,6.92,N
2023-07-23 12:00:00,1.79,348.26,6.89,N
2023-07-23 15:00:00,1.78,347.72998,7.0099998,N
2023-07-23 18:00:00,1.8,347.14,7.44,N
2023-07-23 21:00:00,1.79,345.39,7.8399997,N
2023-07-24 00:00:00,1.73,343.33002,8.03,N
2023-07-24 03:00:00,1.6899999,342.62,8.08,N
2023-07-24 06:00:00,1.5899999,343.03,7.95,N
2023-07-24 09:00:00,1.56,345.57,7.77,N
2023-07-24 12:00:00,1.66,347.97,7.77,N
2023-07-24 15:00:00,1.6999999,351.08002,7.6699996,N
2023-07-24 18:00:00,1.81,354.28,7.5299997,N
2023-07-24 21:00:00,1.9499999,356.16998,7.5899997,N
2023-07-25 00:00:00,1.8499999,358.37,7.23,N
2023-07-25 03:00:00,1.64,358.61,6.7999997,N
2023-07-25 06:00:00,1.43,357.11,6.64,N
2023-07-25 09:00:00,1.39,356.59998,6.27,N
2023-07-25 12:00:00,1.48,355.34,5.69,N
2023-07-25 15:00:00,1.53,355.89,5.67,N
2023-07-25 18:00:00,1.56,356.37,5.7799997,N
2023-07-25 21:00:00,1.5899999,355.66998,6.0899997,N
2023-07-26 00:00:00,1.61,354.72998,6.49,N
2023-07-26 03:00:00,1.5999999,353.94,6.8999996,N
2023-07-26 06:00:00,1.53,352.94,7.22,N
2023-07-26 09:00:00,1.52,351.47998,7.64,N
2023-07-26 12:00:00,1.36,349.07,8.44,N
2023-07-26 15:00:00,1.4699999,348.5,8.929999,N
2023-07-26 18:00:00,1.4599999,348.34,9.03,N
2023-07-26 21:00:00,1.4,347.55,8.91,N
2023-07-27 00:00:00,1.3399999,346.65,8.87,N
2023-07-27 03:00:00,1.31,346.8,8.78,N
2023-07-27 06:00:00,1.28,347.59,8.599999,N
2023-07-27 09:00:00,1.24,351.99,8.16,N
2023-07-27 12:00:00,1.43,351.24,8.23,N
2023-07-27 15:00:00,1.56,352.21,5.75,N
2023-07-27 18:00:00,1.4699999,353.57,5.0899997,N
2023-07-27 21:00:00,1.61,354.63,5.5899997,N
2023-07-28 00:00:00,1.67,354.66998,6.2,N
2023-07-28 03:00:00,1.6999999,353.96,6.81,N
2023-07-28 06:00:00,1.7199999,353.4,7.0899997,N
2023-07-28 09:00:00,1.79,354.56,7.12,N
2023-07-28 12:00:00,1.89,354.12,6.7999997,N
2023-07-28 15:00:00,1.8199999,354.34,6.56,N
2023-07-28 18:00:00,1.89,354.46,6.5899997,N
2023-07-28 21:00:00,1.92,353.45,6.81,N
2023-07-29 00:00:00,1.88,353.08002,6.95,N
2023-07-29 03:00:00,1.8,353.28998,7.02,N
2023-07-29 06:00:00,1.6999999,353.05,7.0099998,N
2023-07-29 09:00:00,1.61,351.44,6.96,N
2023-07-29 12:00:00,1.53,349.13,6.8799996,N
2023-07-29 15:00:00,1.4699999,349.18,6.7599998,N
2023-07-29 18:00:00,1.4699999,350.53,6.54,N
2023-07-29 21:00:00,1.4699999,349.99,6.33,N
2023-07-30 00:00:00,1.4699999,348.99,6.5099998,N
2023-07-30 03:00:00,1.5,349.59,6.5899997,N
2023-07-30 06:00:00,1.55,350.99,6.44,N
2023-07-30 09:00:00,1.61,351.77,6.16,N
2023-07-30 12:00:00,1.7199999,351.28,5.97,N
2023-07-30 15:00:00,1.81,350.89,6.0299997,N
2023-07-30 18:00:00,1.9,349.05,10.15,N
2023-07-30 21:00:00,1.9799999,348.27,13.5,N
2023-07-31 00:00:00,2.03,348.49,12.79,N
2023-07-31 03:00:00,1.93,347.84,12.2,N
2023-07-31 06:00:00,1.88,347.44,11.9,N
2023-07-31 09:00:00,2.0,347.7,12.0199995,N
2023-07-31 12:00:00,2.11,347.62,12.099999,N
2023-07-31 15:00:00,2.1599998,349.18,9.04,N
2023-07-31 18:00:00,2.22,351.72998,6.52,N
2023-07-31 21:00:00,2.1699998,353.11,6.64,N
2023-08-01 00:00:00,2.25,353.19,6.98,N
2023-08-01 03:00:00,2.22,353.72,7.16,N
2023-08-01 06:00:00,2.19,354.16,7.16,N
2023-08-01 09:00:00,2.19,354.27,7.16,N
2023-08-01 12:00:00,2.46,353.84,7.37,N
2023-08-01 15:00:00,2.34,353.26,7.48,N
2023-08-01 18:00:00,2.18,353.84998,7.35,N
2023-08-01 21:00:00,1.73,353.89,6.67,N
2023-08-02 00:00:00,1.74,354.65,6.81,N
2023-08-02 03:00:00,1.74,354.44,7.1,N
2023-08-02 06:00:00,1.67,354.05,7.29,N
2023-08-02 09:00:00,1.81,354.37,7.58,N
2023-08-02 12:00:00,1.8299999,353.14,7.29,N
2023-08-02 15:00:00,1.8199999,354.21,6.97,N
2023-08-02 18:00:00,1.66,355.46,6.5499997,N
2023-08-02 21:00:00,1.74,355.95,6.62,N
2023-08-03 00:00:00,1.6899999,356.06,6.69,N
2023-08-03 03:00:00,1.66,355.96,6.75,N
2023-08-03 06:00:00,1.64,355.71,6.8199997,N
2023-08-03 09:00:00,1.68,355.78998,6.72,N
2023-08-03 12:00:00,1.8,354.39,6.41,N
2023-08-03 15:00:00,1.88,355.27,6.25,N
2023-08-03 18:00:00,1.99,356.78,6.35,N
2023-08-03 21:00:00,1.93,355.53998,6.66,N
2023-08-04 00:00:00,1.86,352.59998,6.85,N
2023-08-04 03:00:00,1.9399999,350.97,7.02,N
2023-08-04 06:00:00,2.04,349.68,7.3799996,N
2023-08-04 09:00:00,2.23,349.01,9.429999,N
2023-08-04 12:00:00,2.47,347.78998,8.94,N
2023-08-04 15:00:00,2.6599998,346.49,9.809999,N
2023-08-04 18:00:00,2.74,345.3,10.13,N
2023-08-04 21:00:00,2.72,344.38,10.36,N
2023-08-05 00:00:00,2.6699998,344.12,10.51,N
2023-08-05 03:00:00,2.57,343.41998,10.57,N
2023-08-05 06:00:00,2.45,342.25,10.53,N
2023-08-05 09:00:00,2.28,340.26,10.38,N
2023-08-05 12:00:00,2.1699998,338.57,10.33,N
2023-08-05 15:00:00,2.12,338.27,10.37,N
2023-08-05 18:00:00,2.0,337.46,10.09,NW
2023-08-05 21:00:00,1.8499999,337.02,9.849999,NW
2023-08-06 00:00:00,1.75,337.01,9.69,NW
2023-08-06 03:00:00,1.67,337.55,9.42,N
2023-08-06 06:00:00,1.5799999,338.03998,9.11,N
2023-08-06 09:00:00,1.54,338.15,9.08,N
2023-08-06 12:00:00,1.51,338.13,9.139999,N
2023-08-06 15:00:00,1.4699999,338.22,9.23,N
2023-08-06 18:00:00,1.43,338.26,9.25,N
2023-08-06 21:00:00,1.36,338.15,9.099999,N
2023-08-07 00:00:00,1.3299999,338.25,9.07,N
2023-08-07 03:00:00,1.3,338.03998,9.03,N
2023-08-07 06:00:00,1.27,337.53998,8.99,N
2023-08-07 09:00:00,1.23,336.91,8.92,NW
2023-08-07 12:00:00,1.1899999,336.45,8.849999,NW
2023-08-07 15:00:00,1.15,336.4,8.809999,NW
2023-08-07 18:00:00,1.11,336.99,8.75,NW
2023-08-07 21:00:00,1.09,338.16998,8.76,N
2023-08-08 00:00:00,1.16,339.56,9.13,N
2023-08-08 03:00:00,1.25,340.18,9.65,N
2023-08-08 06:00:00,1.18,340.68,9.469999,N
2023-08-08 09:00:00,1.14,341.39,9.44,N
2023-08-08 12:00:00,1.1,342.01,9.36,N
2023-08-08 15:00:00,1.0699999,342.45,9.2699995,N
2023-08-08 18:00:00,1.03,342.53,9.17,N
2023-08-08 21:00:00,1.01,342.46,9.0199995,N
2023-08-09 00:00:00,1.0,343.18,8.889999,N
2023-08-09 03:00:00,0.97999996,343.53,8.75,N
2023-08-09 06:00:00,0.95,343.89,8.53,N
2023-08-09 09:00:00,0.78999996,345.66,7.5299997,N
2023-08-09 12:00:00,1.02,348.2,7.7999997,N
2023-08-09 15:00:00,1.06,351.95,4.22,N
2023-08-09 18:00:00,1.25,357.90997,4.64,N
2023-08-09 21:00:00,1.4499999,359.40997,5.17,N
2023-08-10 00:00:00,1.56,359.09998,5.52,N
2023-08-10 03:00:00,1.5799999,359.66998,5.71,N
2023-08-10 06:00:00,1.56,0.980011,5.8199997,N
2023-08-10 09:00:00,1.54,0.25,5.93,N
2023-08-10 12:00:00,1.5899999,358.13,6.1,N
2023-08-10 15:00:00,1.5899999,357.47998,6.1099997,N
2023-08-10 18:00:00,1.63,357.71,6.14,N
2023-08-10 21:00:00,1.66,357.21,6.2599998,N
2023-08-11 00:00:00,1.66,356.74,6.3999996,N
2023-08-11 03:00:00,1.63,357.87,6.37,N
2023-08-11 06:00:00,1.66,359.96,6.43,N
2023-08-11 09:00:00,1.7099999,0.38000488,6.56,N
2023-08-11 12:00:00,1.7199999,358.40997,6.52,N
2023-08-11 15:00:00,1.67,356.97998,6.42,N
2023-08-11 18:00:00,1.65,355.51,6.41,N
2023-08-11 21:00:00,1.64,353.02,6.66,N
2023-08-12 00:00:00,1.5999999,348.49,6.75,N
2023-08-12 03:00:00,1.64,345.01,6.71,N
2023-08-12 06:00:00,1.86,344.33002,9.28,N
2023-08-12 09:00:00,1.99,341.53,9.309999,N
2023-08-12 12:00:00,2.04,337.4,13.429999,NW
2023-08-12 15:00:00,2.07,333.84998,14.259999,NW
2023-08-12 18:00:00,2.1699998,331.78,14.509999,NW
2023-08-12 21:00:00,2.34,333.01,14.65,NW
2023-08-13 00:00:00,2.4099998,336.31,14.099999,NW
2023-08-13 03:00:00,2.58,335.2,14.5199995,NW
2023-08-13 06:00:00,2.52,334.36,14.36,NW
2023-08-13 09:00:00,2.47,335.51,14.0,NW
2023-08-13 12:00:00,2.53,337.81,13.48,N
2023-08-13 15:00:00,2.53,338.91998,13.29,N
2023-08-13 18:00:00,2.51,340.55,13.13,N
2023-08-13 21:00:00,2.5,342.03,12.94,N
2023-08-14 00:00:00,2.49,343.21,12.74,N
2023-08-14 03:00:00,2.47,344.14,12.4,N
2023-08-14 06:00:00,2.4299998,345.46,12.16,N
2023-08-14 09:00:00,2.37,346.36,9.49,N
2023-08-14 12:00:00,2.4099998,346.16,9.48,N
2023-08-14 15:00:00,2.33,345.82,9.4,N
2023-08-14 18:00:00,2.32,346.45,9.429999,N
2023-08-14 21:00:00,2.19,345.55,11.92,N
2023-08-15 00:00:00,2.2,344.38,12.219999,N
2023-08-15 03:00:00,2.05,343.77,11.969999,N
2023-08-15 06:00:00,1.9,344.11,11.62,N
2023-08-15 09:00:00,1.87,343.69,11.05,N
2023-08-15 12:00:00,1.8499999,342.45,11.099999,N
2023-08-15 15:00:00,1.79,342.22998,11.46,N
2023-08-15 18:00:00,1.61,342.72998,11.0199995,N
2023-08-15 21:00:00,1.64,343.45,11.05,N
2023-08-16 00:00:00,1.65,343.68,10.83,N
2023-08-16 03:00:00,1.66,345.39,8.24,N
2023-08-16 06:00:00,1.6899999,347.62,6.74,N
2023-08-16 09:00:00,1.6999999,348.19,6.67,N
2023-08-16 12:00:00,1.73,347.8,6.56,N
2023-08-16 15:00:00,1.7199999,348.99,6.2799997,N
2023-08-16 18:00:00,1.6899999,351.05,6.15,N
2023-08-16 21:00:00,1.7199999,352.08002,6.2799997,N
2023-08-17 00:00:00,1.75,352.28998,6.5,N
2023-08-17 03:00:00,1.7099999,352.0,6.67,N
2023-08-17 06:00:00,1.62,351.83002,6.7,N
2023-08-17 09:00:00,1.55,351.0,6.58,N
2023-08-17 12:00:00,1.4399999,349.34,6.0299997,N
2023-08-17 15:00:00,1.48,349.86,5.8399997,N
2023-08-17 18:00:00,1.49,351.19,5.87,N
2023-08-17 21:00:00,1.51,352.15,5.95,N
2023-08-18 00:00:00,1.61,352.8,6.16,N
2023-08-18 03:00:00,1.61,353.89,6.21,N
2023-08-18 06:00:00,1.5799999,355.08002,6.1299996,N
2023-08-18 09:00:00,1.53,354.39,6.08,N
2023-08-18 12:00:00,1.3199999,352.5,5.67,N
2023-08-18 15:00:00,1.4599999,354.08002,5.69,N
2023-08-18 18:00:00,1.5799999,356.63,5.83,N
2023-08-18 21:00:00,1.43,357.81,5.67,N
2023-08-19 00:00:00,1.41,358.47,5.58,N
2023-08-19 03:00:00,1.41,358.03998,5.66,N
2023-08-19 06:00:00,1.4399999,357.71,5.7799997,N
2023-08-19 09:00:00,1.4,354.57,5.95,N
2023-08-19 12:00:00,1.26,350.69,5.79,N
2023-08-19 15:00:00,1.3399999,350.78998,5.73,N
2023-08-19 18:00:00,1.51,352.97,5.77,N
2023-08-19 21:00:00,1.5699999,351.24,6.0899997,N
2023-08-20 00:00:00,1.5799999,348.52,6.25,N
2023-08-20 03:00:00,1.4699999,342.99,6.45,N
2023-08-20 06:00:00,1.35,336.03998,9.83,NW
2023-08-20 09:00:00,1.29,332.26,9.65,NW
2023-08-20 12:00:00,1.3,329.89,9.55,NW
2023-08-20 15:00:00,1.3199999,328.52002,9.469999,NW
2023-08-20 18:00:00,1.42,330.59,9.51,NW
2023-08-20 21:00:00,1.55,332.22998,9.719999,NW
2023-08-21 00:00:00,1.61,334.96,9.54,NW
2023-08-21 03:00:00,1.5999999,336.82,6.69,NW
2023-08-21 06:00:00,1.54,337.7,6.73,N
2023-08-21 09:00:00,1.4399999,335.43,6.72,NW
2023-08-21 12:00:00,1.29,331.65,7.8199997,NW
2023-08-21 15:00:00,1.14,328.56,8.92,NW
2023-08-21 18:00:00,1.15,326.57,8.91,NW
2023-08-21 21:00:00,1.24,327.55,9.32,NW
2023-08-22 00:00:00,1.35,331.16998,11.7,NW
2023-08-22 03:00:00,1.36,332.43,11.59,NW
2023-08-22 06:00:00,1.35,332.59,11.37,NW
2023-08-22 09:00:00,1.43,335.74,10.96,NW
2023-08-22 12:00:00,1.4499999,336.44,11.2699995,NW
2023-08-22 15:00:00,1.4399999,336.55,11.17,NW
2023-08-22 18:00:00,1.38,336.44,11.28,NW
2023-08-22 21:00:00,1.35,336.09,11.38,NW
2023-08-23 00:00:00,1.35,335.8,11.36,NW
2023-08-23 03:00:00,1.3299999,335.58002,11.16,NW
2023-08-23 06:00:00,1.31,336.16,11.09,NW
2023-08-23 09:00:00,1.26,337.66,10.69,N
2023-08-23 12:00:00,1.26,338.38,10.21,N
2023-08-23 15:00:00,1.28,339.02,10.0199995,N
2023-08-23 18:00:00,1.28,341.43,9.969999,N
2023-08-23 21:00:00,1.26,343.59998,9.87,N
2023-08-24 00:00:00,1.25,345.4,9.5199995,N
2023-08-24 03:00:00,1.1899999,344.94,9.059999,N
2023-08-24 06:00:00,1.14,345.08002,7.02,N
2023-08-24 09:00:00,1.11,344.91998,6.74,N
2023-08-24 12:00:00,1.14,344.0,5.72,N
2023-08-24 15:00:00,1.14,342.28,10.809999,N
2023-08-24 18:00:00,1.15,342.59998,10.96,N
2023-08-24 21:00:00,1.0,342.74,10.05,N
2023-08-25 00:00:00,1.01,343.41998,10.07,N
2023-08-25 03:00:00,1.0,342.18,9.94,N
2023-08-25 06:00:00,1.0,337.66,9.92,N
2023-08-25 09:00:00,1.01,328.26,9.92,NW
2023-08-25 12:00:00,1.0,323.52002,9.86,NW
2023-08-25 15:00:00,0.95,327.51,9.84,NW
2023-08-25 18:00:00,0.9,330.66998,9.69,NW
2023-08-25 21:00:00,0.87,331.28,9.44,NW
2023-08-26 00:00:00,0.88,330.21,9.26,NW
2023-08-26 03:00:00,0.90999997,326.4,9.4,NW
2023-08-26 06:00:00,0.93,328.01,9.65,NW
2023-08-26 09:00:00,0.93,330.96,9.62,NW
2023-08-26 12:00:00,1.02,332.95,9.5199995,NW
2023-08-26 15:00:00,1.1,334.66998,9.26,NW
2023-08-26 18:00:00,1.1899999,336.52,9.0199995,NW
2023-08-26 21:00:00,1.4,340.38,8.75,N
2023-08-27 00:00:00,1.7099999,344.46,8.73,N
2023-08-27 03:00:00,2.09,347.99,9.0,N
2023-08-27 06:00:00,2.24,350.44,9.17,N
2023-08-27 09:00:00,2.46,352.27,9.13,N
2023-08-27 12:00:00,2.72,353.62,8.94,N
2023-08-27 15:00:00,2.8,355.11,8.49,N
2023-08-27 18:00:00,2.8899999,357.18,8.69,N
2023-08-27 21:00:00,2.74,357.52,8.62,N
2023-08-28 00:00:00,2.55,357.27,8.62,N
2023-08-28 03:00:00,2.4099998,356.01,8.639999,N
2023-08-28 06:00:00,2.31,354.45,8.679999,N
2023-08-28 09:00:00,2.51,353.18,8.96,N
2023-08-28 12:00:00,2.4299998,351.38,8.87,N
2023-08-28 15:00:00,2.6,352.12,9.04,N
2023-08-28 18:00:00,2.82,353.19,9.03,N
2023-08-28 21:00:00,2.21,352.19,8.09,N
2023-08-29 00:00:00,2.44,351.41,8.92,N
2023-08-29 03:00:00,2.55,349.24,9.41,N
2023-08-29 06:00:00,2.45,346.74,9.63,N
2023-08-29 09:00:00,2.35,345.86,9.599999,N
2023-08-29 12:00:00,2.33,345.64,9.55,N
2023-08-29 15:00:00,2.45,346.31,9.71,N
2023-08-29 18:00:00,2.51,346.97,9.83,N
2023-08-29 21:00:00,2.5,346.59,9.78,N
2023-08-30 00:00:00,2.4299998,345.94,9.61,N
2023-08-30 03:00:00,2.33,345.09,9.3,N
2023-08-30 06:00:00,2.2,344.65,9.099999,N
2023-08-30 09:00:00,2.08,345.21,8.98,N
2023-08-30 12:00:00,1.9799999,345.72998,8.889999,N
2023-08-30 15:00:00,1.92,347.34,8.79,N
2023-08-30 18:00:00,2.0,349.41,8.79,N
2023-08-30 21:00:00,2.0,348.99,8.73,N
2023-08-31 00:00:00,1.9599999,348.34,8.69,N
2023-08-31 03:00:00,1.86,348.76,8.61,N
2023-08-31 06:00:00,1.7199999,349.58002,8.44,N
2023-08-31 09:00:00,1.5999999,349.56,8.33,N
2023-08-31 12:00:00,1.49,348.21,8.24,N
2023-08-31 15:00:00,1.3399999,346.99,8.059999,N
2023-08-31 18:00:00,1.23,346.31,7.91,N
2023-08-31 21:00:00,1.3,346.03,8.23,N
2023-09-01 00:00:00,1.29,345.01,8.2699995,N
2023-09-01 03:00:00,1.25,344.09,8.22,N
2023-09-01 06:00:00,1.18,343.5,8.11,N
2023-09-01 09:00:00,1.11,343.16,7.95,N
2023-09-01 12:00:00,1.17,343.06,8.139999,N
2023-09-01 15:00:00,1.23,344.4,8.349999,N
2023-09-01 18:00:00,1.13,345.64,7.94,N
2023-09-01 21:00:00,0.96,345.94,7.0899997,N
2023-09-02 00:00:00,0.89,345.44,6.7599998,N
2023-09-02 03:00:00,0.89,346.4,6.69,N
2023-09-02 06:00:00,0.89,348.43,6.66,N
2023-09-02 09:00:00,0.89,348.72998,6.58,N
2023-09-02 12:00:00,0.85999995,346.2,6.3999996,N
2023-09-02 15:00:00,0.79999995,344.09,6.33,N
2023-09-02 18:00:00,0.75,342.24,6.24,N
2023-09-02 21:00:00,0.71,340.34998,6.1,N
2023-09-03 00:00:00,0.72999996,338.39,6.02,N
2023-09-03 03:00:00,0.82,335.82,13.5199995,NW
2023-09-03 06:00:00,0.93,334.02,13.17,NW
2023-09-03 09:00:00,1.12,332.74,13.24,NW
2023-09-03 12:00:00,1.28,331.41998,13.059999,NW
2023-09-03 15:00:00,1.36,330.28,12.179999,NW
2023-09-03 18:00:00,1.41,329.52002,11.42,NW
2023-09-03 21:00:00,1.43,329.27002,10.79,NW
2023-09-04 00:00:00,1.4499999,329.03998,10.5,NW
2023-09-04 03:00:00,1.48,328.66,10.24,NW
2023-09-04 06:00:00,1.49,328.03,10.08,NW
2023-09-04 09:00:00,1.64,330.19,10.23,NW
2023-09-04 12:00:00,1.5799999,325.78,10.01,NW
2023-09-04 15:00:00,1.5699999,325.11,9.969999,NW
2023-09-04 18:00:00,1.53,324.95,9.83,NW
2023-09-04 21:00:00,1.5,323.99,9.66,NW
2023-09-05 00:00:00,1.4699999,322.64,9.38,NW
2023-09-05 03:00:00,1.4499999,321.22998,9.15,NW
2023-09-05 06:00:00,1.4699999,320.03,17.08,NW
2023-09-05 09:00:00,1.4499999,318.94,16.949999,NW
2023-09-05 12:00:00,1.48,318.57,16.32,NW
2023-09-05 15:00:00,1.51,318.45,15.969999,NW
2023-09-05 18:00:00,1.5999999,318.55,15.809999,NW
2023-09-05 21:00:00,1.6899999,318.58002,15.58,NW
2023-09-06 00:00:00,1.6999999,318.22998,14.99,NW
2023-09-06 03:00:00,1.7099999,318.09,14.62,NW
2023-09-06 06:00:00,1.7099999,317.62,14.32,NW
2023-09-06 09:00:00,1.5899999,317.0,13.49,NW
2023-09-06 12:00:00,1.61,316.7,13.32,NW
2023-09-06 15:00:00,1.64,317.28,13.2,NW
2023-09-06 18:00:00,1.87,316.9,14.13,NW
2023-09-06 21:00:00,1.74,315.32,13.33,NW
2023-09-07 00:00:00,1.7199999,315.11,13.16,NW
2023-09-07 03:00:00,1.66,313.84,12.83,NW
2023-09-07 06:00:00,1.6999999,312.3,12.75,NW
2023-09-07 09:00:00,1.81,311.2,13.099999,NW
2023-09-07 12:00:00,1.78,310.46,12.929999,NW
2023-09-07 15:00:00,1.77,310.37,12.44,NW
2023-09-07 18:00:00,1.76,309.86,12.08,NW
2023-09-07 21:00:00,1.6999999,309.01,11.809999,NW
2023-09-08 00:00:00,1.62,307.91998,11.4,NW
2023-09-08 03:00:00,1.54,307.1,11.059999,NW
2023-09-08 06:00:00,1.4699999,306.61,10.88,NW
2023-09-08 09:00:00,1.4399999,306.37,10.809999,NW
2023-09-08 12:00:00,1.36,306.05,10.59,NW
2023-09-08 15:00:00,1.3,305.7,10.32,NW
2023-09-08 18:00:00,1.25,305.28,10.11,NW
2023-09-08 21:00:00,1.18,304.7,9.889999,NW
2023-09-09 00:00:00,1.14,304.18,9.71,NW
2023-09-09 03:00:00,1.09,303.63,9.44,NW
2023-09-09 06:00:00,1.05,303.0,9.21,NW
2023-09-09 09:00:00,1.02,302.56,9.09,NW
2023-09-09 12:00:00,1.02,302.13,9.01,NW
2023-09-09 15:00:00,1.03,301.83,9.17,NW
2023-09-09 18:00:00,1.04,301.78,9.41,NW
2023-09-09 21:00:00,1.04,302.04,10.24,NW
2023-09-10 00:00:00,1.02,302.54,10.21,NW
2023-09-10 03:00:00,0.97999996,303.09,10.57,NW
2023-09-10 06:00:00,0.96999997,303.93,10.46,NW
2023-09-10 09:00:00,0.95,305.04,9.929999,NW
2023-09-10 12:00:00,1.0,307.76,9.87,NW
2023-09-10 15:00:00,1.0799999,308.74,10.08,NW
2023-09-10 18:00:00,1.1,309.59998,10.05,NW
2023-09-10 21:00:00,1.03,310.81,9.53,NW
2023-09-11 00:00:00,1.0799999,314.12,9.82,NW
2023-09-11 03:00:00,1.0799999,316.88,10.0,NW
2023-09-11 06:00:00,1.05,318.46,9.889999,NW
2023-09-11 09:00:00,1.04,319.66,9.86,NW
2023-09-11 12:00:00,1.02,320.66,9.73,NW
2023-09-11 15:00:00,1.03,323.14,9.45,NW
2023-09-11 18:00:00,1.04,324.76,9.24,NW
2023-09-11 21:00:00,0.97999996,324.45,8.92,NW
2023-09-12 00:00:00,0.94,323.65,8.679999,NW
2023-09-12 03:00:00,0.97999996,325.36,14.82,NW
2023-09-12 06:00:00,1.04,329.05,14.58,NW
2023-09-12 09:00:00,1.12,333.53,14.009999,NW
2023-09-12 12:00:00,1.2099999,335.61,13.42,NW
2023-09-12 15:00:00,1.29,338.32,13.059999,N
2023-09-12 18:00:00,1.38,342.88,12.599999,N
2023-09-12 21:00:00,1.41,343.72,12.28,N
2023-09-13 00:00:00,1.37,342.87,12.139999,N
2023-09-13 03:00:00,1.3299999,343.15,11.969999,N
2023-09-13 06:00:00,1.3299999,343.06,11.82,N
2023-09-13 09:00:00,1.38,343.09,11.69,N
2023-09-13 12:00:00,1.4499999,342.25,11.639999,N
2023-09-13 15:00:00,1.4499999,341.62,11.69,N
2023-09-13 18:00:00,1.4499999,341.09998,12.429999,N
2023-09-13 21:00:00,1.42,341.77,12.69,N
2023-09-14 00:00:00,1.3199999,341.83002,12.45,N
2023-09-14 03:00:00,1.22,341.64,12.34,N
2023-09-14 06:00:00,1.16,341.09,12.11,N
2023-09-14 09:00:00,1.13,340.65,11.98,N
2023-09-14 12:00:00,1.1999999,339.31,12.05,N
2023-09-14 15:00:00,1.2099999,338.28,11.94,N
2023-09-14 18:00:00,1.1899999,339.41,11.45,N
2023-09-14 21:00:00,1.0,338.31,10.24,N
2023-09-15 00:00:00,1.0,336.59998,10.07,NW
2023-09-15 03:00:00,1.0,334.26,9.8,NW
2023-09-15 06:00:00,1.03,331.87,9.57,NW
2023-09-15 09:00:00,1.0799999,330.81,8.2699995,NW
2023-09-15 12:00:00,1.15,330.93,7.7799997,NW
2023-09-15 15:00:00,1.18,330.91,7.71,NW
2023-09-15 18:00:00,1.1999999,330.61,7.71,NW
2023-09-15 21:00:00,1.18,329.36,7.6299996,NW
2023-09-16 00:00:00,1.14,327.14,7.52,NW
2023-09-16 03:00:00,1.0799999,323.76,7.44,NW
2023-09-16 06:00:00,1.05,320.64,12.08,NW
2023-09-16 09:00:00,0.97999996,318.09998,11.74,NW
2023-09-16 12:00:00,0.91999996,314.53,11.74,NW
2023-09-16 15:00:00,0.9,310.11,11.759999,NW
2023-09-16 18:00:00,0.85999995,304.37,11.33,NW
2023-09-16 21:00:00,0.78,300.9,10.86,NW
2023-09-17 00:00:00,0.81,305.82,11.219999,NW
2023-09-17 03:00:00,1.22,319.53998,14.309999,NW
2023-09-17 06:00:00,1.88,327.02002,13.88,NW
2023-09-17 09:00:00,2.21,330.53998,13.09,NW
2023-09-17 12:00:00,2.4099998,330.84,12.509999,NW
2023-09-17 15:00:00,2.56,330.57,12.99,NW
2023-09-17 18:00:00,2.6399999,331.08002,13.15,NW
2023-09-17 21:00:00,2.61,331.09,13.0199995,NW
2023-09-18 00:00:00,2.59,330.81,12.849999,NW
2023-09-18 03:00:00,2.53,330.39,12.45,NW
2023-09-18 06:00:00,2.3799999,330.16998,11.969999,NW
2023-09-18 09:00:00,2.33,330.09998,11.61,NW
2023-09-18 12:00:00,2.21,331.16998,11.0,NW
2023-09-18 15:00:00,2.33,332.4,11.12,NW
2023-09-18 18:00:00,2.28,333.96,10.969999,NW
2023-09-18 21:00:00,2.21,336.03,10.78,NW
2023-09-19 00:00:00,2.1599998,337.16,10.639999,NW
2023-09-19 03:00:00,1.79,336.77,9.74,NW
2023-09-19 06:00:00,1.87,337.09,10.09,NW
2023-09-19 09:00:00,1.86,338.25,10.09,N
2023-09-19 12:00:00,1.8399999,338.9,9.94,N
2023-09-19 15:00:00,1.66,338.83002,9.41,N
2023-09-19 18:00:00,1.62,339.78,9.19,N
2023-09-19 21:00:00,1.56,338.03998,8.92,N
2023-09-20 00:00:00,1.4499999,334.39,8.8,NW
2023-09-20 03:00:00,1.38,330.66998,8.74,NW
2023-09-20 06:00:00,1.3199999,328.09998,18.18,NW
2023-09-20 09:00:00,1.3399999,329.24,17.41,NW
2023-09-20 12:00:00,1.41,331.96,16.449999,NW
2023-09-20 15:00:00,1.51,333.13,16.06,NW
2023-09-20 18:00:00,1.75,333.34,17.46,NW
2023-09-20 21:00:00,1.7199999,331.71,15.559999,NW
2023-09-21 00:00:00,1.8,333.8,14.91,NW
2023-09-21 03:00:00,1.88,333.91,14.839999,NW
2023-09-21 06:00:00,1.89,333.13,14.71,NW
2023-09-21 09:00:00,1.8299999,333.74,14.33,NW
2023-09-21 12:00:00,1.77,336.16,13.63,NW
2023-09-21 15:00:00,1.67,337.26,13.15,NW
2023-09-21 18:00:00,1.5699999,336.51,12.84,NW
2023-09-21 21:00:00,1.48,335.28998,12.509999,NW
2023-09-22 00:00:00,1.4,333.12,12.139999,NW
2023-09-22 03:00:00,1.39,331.52,12.17,NW
2023-09-22 06:00:00,1.4,330.24,11.92,NW
2023-09-22 09:00:00,1.4599999,331.03,11.36,NW
2023-09-22 12:00:00,1.56,331.56,10.88,NW
2023-09-22 15:00:00,1.65,332.69,10.65,NW
2023-09-22 18:00:00,1.75,335.0,10.719999,NW
2023-09-22 21:00:00,2.03,337.81,14.36,N
2023-09-23 00:00:00,2.36,339.09,15.259999,N
2023-09-23 03:00:00,2.46,339.08002,14.299999,N
2023-09-23 06:00:00,2.73,338.57,14.34,N
2023-09-23 09:00:00,2.61,340.52,13.92,N
2023-09-23 12:00:00,2.61,341.26,13.469999,N
2023-09-23 15:00:00,2.59,341.02,13.4,N
2023-09-23 18:00:00,2.56,340.49,13.299999,N
2023-09-23 21:00:00,2.46,339.53,12.99,N
2023-09-24 00:00:00,2.28,338.52,12.59,N
2023-09-24 03:00:00,2.11,337.39,12.179999,NW
2023-09-24 06:00:00,1.9799999,335.96,11.98,NW
2023-09-24 09:00:00,1.89,335.68,11.83,NW
2023-09-24 12:00:00,1.93,335.11,11.94,NW
2023-09-24 15:00:00,1.86,334.44,11.639999,NW
2023-09-24 18:00:00,1.79,333.57,15.04,NW
2023-09-24 21:00:00,1.5999999,331.78,13.84,NW
2023-09-25 00:00:00,1.64,329.8,13.86,NW
2023-09-25 03:00:00,1.5699999,327.95,13.34,NW
2023-09-25 06:00:00,1.52,326.71,13.049999,NW
2023-09-25 09:00:00,1.4399999,325.96,12.59,NW
2023-09-25 12:00:00,1.3399999,324.59998,12.11,NW
2023-09-25 15:00:00,1.27,323.3,11.83,NW
2023-09-25 18:00:00,1.1899999,321.76,11.4,NW
2023-09-25 21:00:00,1.13,320.74,11.04,NW
2023-09-26 00:00:00,1.09,319.78998,10.82,NW
2023-09-26 03:00:00,1.06,318.74,10.53,NW
2023-09-26 06:00:00,1.09,318.58002,10.349999,NW
2023-09-26 09:00:00,1.25,320.22998,16.74,NW
2023-09-26 12:00:00,1.5799999,321.33002,16.69,NW
2023-09-26 15:00:00,1.73,321.53,15.23,NW
2023-09-26 18:00:00,2.1399999,320.41,15.099999,NW
2023-09-26 21:00:00,2.25,319.97,14.53,NW
2023-09-27 00:00:00,2.25,320.03,14.09,NW
2023-09-27 03:00:00,2.24,320.05,13.849999,NW
2023-09-27 06:00:00,2.1299999,319.72,13.429999,NW
2023-09-27 09:00:00,2.01,320.08002,13.15,NW
2023-09-27 12:00:00,1.93,321.61,12.92,NW
2023-09-27 15:00:00,1.92,323.91,12.67,NW
2023-09-27 18:00:00,1.9799999,327.63,12.46,NW
2023-09-27 21:00:00,2.02,329.03998,12.41,NW
2023-09-28 00:00:00,1.99,328.62,12.469999,NW
2023-09-28 03:00:00,1.8299999,328.31,12.099999,NW
2023-09-28 06:00:00,1.8199999,329.34,12.05,NW
2023-09-28 09:00:00,1.8299999,332.36,11.91,NW
2023-09-28 12:00:00,1.79,336.02,11.53,NW
2023-09-28 15:00:00,1.73,337.71,11.28,N
2023-09-28 18:00:00,1.6999999,338.69,11.25,N
2023-09-28 21:00:00,1.62,337.66,11.32,N
2023-09-29 00:00:00,1.7099999,337.3,11.7,NW
2023-09-29 03:00:00,1.78,334.31,13.66,NW
2023-09-29 06:00:00,1.86,332.53,13.99,NW
2023-09-29 09:00:00,1.89,331.37,13.45,NW
2023-09-29 12:00:00,1.8499999,329.94,13.139999,NW
2023-09-29 15:00:00,1.77,328.96,12.91,NW
2023-09-29 18:00:00,1.68,328.46,12.63,NW
2023-09-29 21:00:00,1.5,328.46,12.009999,NW
2023-09-30 00:00:00,1.39,328.97998,11.66,NW
2023-09-30 03:00:00,1.3,329.46,11.2699995,NW
2023-09-30 06:00:00,1.24,329.19,10.98,NW
2023-09-30 09:00:00,1.1999999,328.06,10.7699995,NW
2023-09-30 12:00:00,1.1899999,326.33002,10.62,NW
2023-09-30 15:00:00,1.18,324.81,10.55,NW
2023-09-30 18:00:00,1.1899999,324.21,10.48,NW
2023-09-30 21:00:00,1.2099999,324.43,10.44,NW
2023-10-01 00:00:00,1.23,324.75,10.42,NW
2023-10-01 03:00:00,1.23,324.55,10.48,NW
2023-10-01 06:00:00,1.23,324.28998,12.74,NW
2023-10-01 09:00:00,1.23,323.65,12.61,NW
2023-10-01 12:00:00,1.23,323.51,12.19,NW
2023-10-01 15:00:00,1.23,324.25,11.96,NW
2023-10-01 18:00:00,1.17,324.52002,11.67,NW
2023-10-01 21:00:00,1.12,325.63,11.28,NW
2023-10-02 00:00:00,1.1,328.65,10.99,NW
2023-10-02 03:00:00,1.0799999,330.22998,10.79,NW
2023-10-02 06:00:00,1.03,329.74,10.59,NW
2023-10-02 09:00:00,1.0,328.69,10.23,NW
2023-10-02 12:00:00,0.96999997,327.41,10.01,NW
2023-10-02 15:00:00,0.98999995,328.9,9.88,NW
2023-10-02 18:00:00,1.0699999,334.7,9.849999,NW
2023-10-02 21:00:00,1.06,334.8,9.719999,NW
2023-10-03 00:00:00,1.03,332.89,9.55,NW
2023-10-03 03:00:00,1.0799999,334.47998,10.2699995,NW
2023-10-03 06:00:00,1.17,337.78,12.349999,N
2023-10-03 09:00:00,1.22,336.47,12.54,NW
2023-10-03 12:00:00,1.24,332.59,12.28,NW
2023-10-03 15:00:00,1.3,331.56,15.58,NW
2023-10-03 18:00:00,1.31,329.43,14.19,NW
2023-10-03 21:00:00,1.53,330.06,15.11,NW
2023-10-04 00:00:00,1.67,330.83002,15.36,NW
2023-10-04 03:00:00,1.7099999,331.52,14.389999,NW
2023-10-04 06:00:00,1.73,332.4,13.679999,NW
2023-10-04 09:00:00,1.74,332.28,13.42,NW
2023-10-04 12:00:00,1.7199999,331.44,13.389999,NW
2023-10-04 15:00:00,1.64,330.57,13.19,NW
2023-10-04 18:00:00,1.52,330.06,12.83,NW
2023-10-04 21:00:00,1.4599999,330.89,12.4,NW
2023-10-05 00:00:00,1.4599999,333.45,12.25,NW
2023-10-05 03:00:00,1.4599999,335.13,12.309999,NW
2023-10-05 06:00:00,1.4399999,335.71,12.34,NW
2023-10-05 09:00:00,1.41,335.39,12.24,NW
2023-10-05 12:00:00,1.37,334.59,12.12,NW
2023-10-05 15:00:00,1.31,334.56,11.889999,NW
2023-10-05 18:00:00,1.27,335.63,11.57,NW
2023-10-05 21:00:00,1.22,337.76,11.01,N
2023-10-06 00:00:00,1.16,339.2,10.7,N
2023-10-06 03:00:00,1.01,339.62,9.95,N
2023-10-06 06:00:00,0.96999997,339.83002,9.95,N
2023-10-06 09:00:00,1.0,342.15,10.309999,N
2023-10-06 12:00:00,0.96,341.2,10.4,N
2023-10-06 15:00:00,0.95,340.74,10.55,N
2023-10-06 18:00:00,0.89,340.55,10.24,N
2023-10-06 21:00:00,0.83,340.47998,9.9,N
2023-10-07 00:00:00,0.78999996,341.76,9.58,N
2023-10-07 03:00:00,0.72999996,342.33002,9.07,N
2023-10-07 06:00:00,0.66999996,340.77,12.79,N
2023-10-07 09:00:00,0.62,338.72,12.24,N
2023-10-07 12:00:00,0.62,336.05,12.13,NW
2023-10-07 15:00:00,0.62,333.24,12.17,NW
2023-10-07 18:00:00,0.61,332.06,11.98,NW
2023-10-07 21:00:00,0.56,334.8,10.99,NW
2023-10-08 00:00:00,0.59,340.55,10.889999,N
2023-10-08 03:00:00,0.56,336.05,10.599999,NW
2023-10-08 06:00:00,0.61,330.45,10.679999,NW
2023-10-08 09:00:00,0.68,323.03998,20.24,NW
2023-10-08 12:00:00,0.74,315.25,18.93,NW
2023-10-08 15:00:00,0.84999996,316.53,17.13,NW
2023-10-08 18:00:00,1.02,316.13,16.22,NW
2023-10-08 21:00:00,1.17,310.13,15.94,NW
2023-10-09 00:00:00,1.28,307.26,15.349999,NW
2023-10-09 03:00:00,1.35,305.72,14.67,NW
2023-10-09 06:00:00,1.37,304.84,14.2699995,NW
2023-10-09 09:00:00,1.36,304.28,13.759999,NW
2023-10-09 12:00:00,1.3199999,304.03,13.34,NW
2023-10-09 15:00:00,1.28,304.14,13.059999,NW
2023-10-09 18:00:00,1.24,304.62,12.7699995,NW
2023-10-09 21:00:00,1.1999999,305.29,12.29,NW
2023-10-10 00:00:00,1.15,306.02,12.03,NW
2023-10-10 03:00:00,1.14,308.47998,11.82,NW
2023-10-10 06:00:00,1.1,310.05,11.57,NW
2023-10-10 09:00:00,1.06,310.66998,11.28,NW
2023-10-10 12:00:00,1.03,310.87,11.09,NW
2023-10-10 15:00:00,1.0,310.97998,11.0,NW
2023-10-10 18:00:00,0.98999995,311.63,11.11,NW
2023-10-10 21:00:00,0.98999995,313.69,11.599999,NW
2023-10-11 00:00:00,0.98999995,316.53998,11.58,NW
2023-10-11 03:00:00,0.98999995,318.64,11.24,NW
2023-10-11 06:00:00,0.95,317.7,11.01,NW
2023-10-11 09:00:00,0.9,315.87,10.86,NW
2023-10-11 12:00:00,0.87,314.84,10.7,NW
2023-10-11 15:00:00,0.83,313.88,10.51,NW
2023-10-11 18:00:00,0.79999995,312.47,10.24,NW
2023-10-11 21:00:00,0.78,312.72998,10.05,NW
2023-10-12 00:00:00,0.77,315.12,9.91,NW
2023-10-12 03:00:00,0.76,315.78998,9.79,NW
2023-10-12 06:00:00,0.75,313.55,9.679999,NW
2023-10-12 09:00:00,0.75,310.78,9.559999,NW
2023-10-12 12:00:00,0.75,307.56,9.38,NW
2023-10-12 15:00:00,0.77,304.41,9.28,NW
2023-10-12 18:00:00,0.78,301.76,9.25,NW
2023-10-12 21:00:00,0.79999995,300.37,9.3,NW
2023-10-13 00:00:00,0.83,301.41998,9.51,NW
2023-10-13 03:00:00,0.84,301.57,9.7,NW
2023-10-13 06:00:00,0.84,301.13,9.78,NW
2023-10-13 09:00:00,0.83,300.94,9.809999,NW
2023-10-13 12:00:00,0.83,301.8,9.809999,NW
2023-10-13 15:00:00,0.85999995,304.25,9.83,NW
2023-10-13 18:00:00,0.93,307.62,9.9,NW
2023-10-13 21:00:00,1.01,310.63,9.91,NW
2023-10-14 00:00:00,1.09,313.32,9.83,NW
2023-10-14 03:00:00,1.15,316.14,14.5,NW
2023-10-14 06:00:00,1.18,316.99,14.2699995,NW
2023-10-14 09:00:00,1.1899999,318.09,13.99,NW
2023-10-14 12:00:00,1.1999999,318.99,13.299999,NW
2023-10-14 15:00:00,1.18,320.12,13.049999,NW
2023-10-14 18:00:00,1.16,321.56,12.82,NW
2023-10-14 21:00:00,1.13,323.09998,12.32,NW
2023-10-15 00:00:00,1.1,324.52002,12.05,NW
2023-10-15 03:00:00,1.0699999,325.71,11.9,NW
2023-10-15 06:00:00,1.05,327.11,11.7699995,NW
2023-10-15 09:00:00,1.04,329.02002,11.69,NW
2023-10-15 12:00:00,1.05,331.2,12.719999,NW
2023-10-15 15:00:00,1.0699999,333.49,12.309999,NW
2023-10-15 18:00:00,1.09,335.59998,12.03,NW
2023-10-15 21:00:00,1.11,337.22,11.75,NW
2023-10-16 00:00:00,1.11,338.24,11.24,N
2023-10-16 03:00:00,1.11,338.61,11.099999,N
2023-10-16 06:00:00,1.11,338.37,11.099999,N
2023-10-16 09:00:00,1.12,337.69,11.36,N
2023-10-16 12:00:00,1.16,336.76,12.0199995,NW
2023-10-16 15:00:00,1.22,335.52,12.099999,NW
2023-10-16 18:00:00,1.28,333.91,12.11,NW
2023-10-16 21:00:00,1.3399999,332.15,12.07,NW
2023-10-17 00:00:00,1.36,330.66998,12.0,NW
2023-10-17 03:00:00,1.37,329.71,11.929999,NW
2023-10-17 06:00:00,1.39,329.18,11.82,NW
2023-10-17 09:00:00,1.43,329.03998,11.57,NW
2023-10-17 12:00:00,1.48,329.22,11.03,NW
2023-10-17 15:00:00,1.51,329.59998,10.219999,NW
2023-10-17 18:00:00,1.53,330.22998,9.15,NW
2023-10-17 21:00:00,1.53,331.41998,9.15,NW
2023-10-18 00:00:00,1.53,333.66998,9.29,NW
